0.000000 -0.000066
0.002000 -0.003245
0.004000 -0.001083
0.006000 -0.001159
0.008000 -0.001449
0.010000 0.000441
0.012000 0.002786
0.014000 0.005093
0.016000 0.005834
0.018000 0.006936
0.020000 0.009395
0.022000 0.012987
0.024000 0.017391
0.026000 0.019568
0.028000 0.021431
0.030000 0.024262
0.032000 0.026306
0.034000 0.029155
0.036000 0.031394
0.038000 0.033604
0.040000 0.035530
0.042000 0.036992
0.044000 0.039356
0.046000 0.041048
0.048000 0.042435
0.050000 0.043938
0.052000 0.046342
0.054000 0.048424
0.056000 0.049838
0.058000 0.051360
0.060000 0.053326
0.062000 0.055479
0.064000 0.056636
0.066000 0.057809
0.068000 0.059111
0.070000 0.060367
0.072000 0.061578
0.074000 0.063190
0.076000 0.065157
0.078000 0.066335
0.080000 0.067532
0.082000 0.069422
0.084000 0.070627
0.086000 0.071801
0.088000 0.074104
0.090000 0.075251
0.092000 0.076391
0.094000 0.077544
0.096000 0.078708
0.098000 0.080627
0.100000 0.082194
0.102000 0.084462
0.104000 0.085504
0.106000 0.086565
0.108000 0.087906
0.110000 0.089874
0.112000 0.090918
0.114000 0.092848
0.116000 0.093888
0.118000 0.094927
0.120000 0.095987
0.122000 0.097183
0.124000 0.099182
0.126000 0.100877
0.128000 0.102252
0.130000 0.103242
0.132000 0.105064
0.134000 0.106374
0.136000 0.107344
0.138000 0.108337
0.140000 0.109351
0.142000 0.110385
0.144000 0.111435
0.146000 0.112499
0.148000 0.113654
0.150000 0.114813
0.152000 0.116234
0.154000 0.118625
0.156000 0.120073
0.158000 0.122062
0.160000 0.124048
0.162000 0.124908
0.164000 0.125790
0.166000 0.126696
0.168000 0.127628
0.170000 0.128583
0.172000 0.129559
0.174000 0.131281
0.176000 0.132748
0.178000 0.135204
0.180000 0.136995
0.182000 0.138611
0.184000 0.140057
0.186000 0.140801
0.188000 0.141996
0.190000 0.143842
0.192000 0.144767
0.194000 0.145508
0.196000 0.146932
0.198000 0.148216
0.200000 0.150172
0.202000 0.151707
0.204000 0.153256
0.206000 0.155497
0.208000 0.156713
0.210000 0.157247
0.212000 0.157843
0.214000 0.160186
0.216000 0.161126
0.218000 0.162514
0.220000 0.163046
0.222000 0.164445
0.224000 0.165250
0.226000 0.165809
0.228000 0.166405
0.230000 0.167038
0.232000 0.167701
0.234000 0.168393
0.236000 0.169115
0.238000 0.169867
0.240000 0.170646
0.242000 0.171444
0.244000 0.172937
0.246000 0.175819
0.248000 0.178290
0.250000 0.180575
0.252000 0.181300
0.254000 0.183216
0.256000 0.184379
0.258000 0.184760
0.260000 0.185183
0.262000 0.185644
0.264000 0.186142
0.266000 0.188247
0.268000 0.189204
0.270000 0.191085
0.272000 0.193196
0.274000 0.194636
0.276000 0.195445
0.278000 0.196367
0.280000 0.197357
0.282000 0.197760
0.284000 0.198469
0.286000 0.200203
0.288000 0.202030
0.290000 0.203774
0.292000 0.204355
0.294000 0.204739
0.296000 0.205920
0.298000 0.207706
0.300000 0.210793
0.302000 0.211480
0.304000 0.214983
0.306000 0.215967
0.308000 0.217920
0.310000 0.219880
0.312000 0.219998
0.314000 0.222008
0.316000 0.222771
0.318000 0.223078
0.320000 0.223595
0.322000 0.223498
0.324000 0.224376
0.326000 0.227971
0.328000 0.228555
0.330000 0.230900
0.332000 0.233061
0.334000 0.234093
0.336000 0.236979
0.338000 0.239109
0.340000 0.239335
0.342000 0.241262
0.344000 0.242107
0.346000 0.243965
0.348000 0.246830
0.350000 0.247851
0.352000 0.249161
0.354000 0.250234
0.356000 0.252437
0.358000 0.254432
0.360000 0.256040
0.362000 0.257436
0.364000 0.257952
0.366000 0.258242
0.368000 0.259892
0.370000 0.261524
0.372000 0.261373
0.374000 0.261099
0.376000 0.261925
0.378000 0.262569
0.380000 0.263290
0.382000 0.264497
0.384000 0.264747
0.386000 0.267053
0.388000 0.268325
0.390000 0.272199
0.392000 0.273512
0.394000 0.273983
0.396000 0.276137
0.398000 0.279742
0.400000 0.281243
0.402000 0.283776
0.404000 0.285204
0.406000 0.286803
0.408000 0.286673
0.410000 0.287051
0.412000 0.289250
0.414000 0.289918
0.416000 0.289766
0.418000 0.293406
0.420000 0.300912
0.422000 0.304179
0.424000 0.306377
0.426000 0.307165
0.428000 0.307766
0.430000 0.309786
0.432000 0.315114
0.434000 0.318460
0.436000 0.319766
0.438000 0.319329
0.440000 0.321153
0.442000 0.324414
0.444000 0.324451
0.446000 0.324140
0.448000 0.328240
0.450000 0.330300
0.452000 0.331414
0.454000 0.334819
0.456000 0.338878
0.458000 0.341760
0.460000 0.342373
0.462000 0.342735
0.464000 0.343561
0.466000 0.349130
0.468000 0.354404
0.470000 0.357633
0.472000 0.358318
0.474000 0.360680
0.476000 0.361658
0.478000 0.362683
0.480000 0.365637
0.482000 0.366102
0.484000 0.366893
0.486000 0.369131
0.488000 0.372378
0.490000 0.372425
0.492000 0.373942
0.494000 0.376162
0.496000 0.374969
0.498000 0.376217
0.500000 0.380256
0.502000 0.383143
0.504000 0.384732
0.506000 0.384830
0.508000 0.385408
0.510000 0.385252
0.512000 0.387401
0.514000 0.389392
0.516000 0.391891
0.518000 0.397490
0.520000 0.399654
0.522000 0.403097
0.524000 0.404596
0.526000 0.404877
0.528000 0.407705
0.530000 0.408987
0.532000 0.413762
0.534000 0.419441
0.536000 0.423345
0.538000 0.427264
0.540000 0.428087
0.542000 0.429901
0.544000 0.433949
0.546000 0.438683
0.548000 0.440948
0.550000 0.443106
0.552000 0.445764
0.554000 0.446082
0.556000 0.447127
0.558000 0.449883
0.560000 0.455096
0.562000 0.458897
0.564000 0.462234
0.566000 0.466458
0.568000 0.471824
0.570000 0.471501
0.572000 0.471671
0.574000 0.475192
0.576000 0.477459
0.578000 0.479628
0.580000 0.482435
0.582000 0.484523
0.584000 0.486294
0.586000 0.485907
0.588000 0.487861
0.590000 0.490437
0.592000 0.491590
0.594000 0.489677
0.596000 0.491348
0.598000 0.497133
0.600000 0.502347
0.602000 0.506295
0.604000 0.504813
0.606000 0.508556
0.608000 0.510809
0.610000 0.516615
0.612000 0.517076
0.614000 0.519872
0.616000 0.519514
0.618000 0.521918
0.620000 0.524515
0.622000 0.531359
0.624000 0.534118
0.626000 0.534204
0.628000 0.533968
0.630000 0.539021
0.632000 0.540828
0.634000 0.540267
0.636000 0.540524
0.638000 0.546636
0.640000 0.544124
0.642000 0.552751
0.644000 0.558811
0.646000 0.563952
0.648000 0.563972
0.650000 0.566379
0.652000 0.565587
0.654000 0.566470
0.656000 0.564975
0.658000 0.562279
0.660000 0.564240
0.662000 0.566402
0.664000 0.567702
0.666000 0.572645
0.668000 0.578449
0.670000 0.581938
0.672000 0.583518
0.674000 0.584444
0.676000 0.585690
0.678000 0.589300
0.680000 0.590462
0.682000 0.594806
0.684000 0.596182
0.686000 0.597970
0.688000 0.600558
0.690000 0.602016
0.692000 0.603357
0.694000 0.609939
0.696000 0.610936
0.698000 0.614391
0.700000 0.613983
0.702000 0.613486
0.704000 0.618574
0.706000 0.617968
0.708000 0.623600
0.710000 0.626225
0.712000 0.629518
0.714000 0.633014
0.716000 0.634648
0.718000 0.635755
0.720000 0.639173
0.722000 0.638820
0.724000 0.637654
0.726000 0.637517
0.728000 0.637589
0.730000 0.640966
0.732000 0.646085
0.734000 0.645590
0.736000 0.646949
0.738000 0.648552
0.740000 0.650588
0.742000 0.650610
0.744000 0.650975
0.746000 0.657315
0.748000 0.661271
0.750000 0.664243
0.752000 0.667853
0.754000 0.669943
0.756000 0.674772
0.758000 0.676844
0.760000 0.675448
0.762000 0.675563
0.764000 0.672345
0.766000 0.676200
0.768000 0.682107
0.770000 0.687757
0.772000 0.689109
0.774000 0.689761
0.776000 0.693831
0.778000 0.699919
0.780000 0.699571
0.782000 0.703361
0.784000 0.705647
0.786000 0.703668
0.788000 0.704009
0.790000 0.706959
0.792000 0.711829
0.794000 0.718025
0.796000 0.722987
0.798000 0.728114
0.800000 0.730378
0.802000 0.726913
0.804000 0.728950
0.806000 0.723575
0.808000 0.720526
0.810000 0.721560
0.812000 0.725424
0.814000 0.732135
0.816000 0.735260
0.818000 0.740714
0.820000 0.746193
0.822000 0.747067
0.824000 0.743466
0.826000 0.743367
0.828000 0.743248
0.830000 0.746697
0.832000 0.750055
0.834000 0.751248
0.836000 0.757000
0.838000 0.757571
0.840000 0.758193
0.842000 0.766237
0.844000 0.768943
0.846000 0.774633
0.848000 0.777297
0.850000 0.784581
0.852000 0.786454
0.854000 0.789873
0.856000 0.787804
0.858000 0.784449
0.860000 0.779517
0.862000 0.779787
0.864000 0.780560
0.866000 0.779543
0.868000 0.781400
0.870000 0.782758
0.872000 0.786449
0.874000 0.790189
0.876000 0.789750
0.878000 0.792337
0.880000 0.799060
0.882000 0.802929
0.884000 0.806213
0.886000 0.806740
0.888000 0.808855
0.890000 0.813464
0.892000 0.814082
0.894000 0.819350
0.896000 0.824847
0.898000 0.829216
0.900000 0.831695
0.902000 0.827761
0.904000 0.828218
0.906000 0.829168
0.908000 0.830661
0.910000 0.836120
0.912000 0.837399
0.914000 0.837787
0.916000 0.842016
0.918000 0.845519
0.920000 0.850278
0.922000 0.851553
0.924000 0.853457
0.926000 0.853220
0.928000 0.856615
0.930000 0.864072
0.932000 0.862164
0.934000 0.868678
0.936000 0.870800
0.938000 0.873099
0.940000 0.875803
0.942000 0.876266
0.944000 0.874967
0.946000 0.876215
0.948000 0.879001
0.950000 0.879414
0.952000 0.879874
0.954000 0.879484
0.956000 0.880652
0.958000 0.883369
0.960000 0.885567
0.962000 0.885095
0.964000 0.887943
0.966000 0.893137
0.968000 0.895353
0.970000 0.897164
0.972000 0.894317
0.974000 0.897684
0.976000 0.899855
0.978000 0.908368
0.980000 0.908185
0.982000 0.911927
0.984000 0.912873
0.986000 0.918735
0.988000 0.921638
0.990000 0.921494
0.992000 0.928406
0.994000 0.928539
0.996000 0.926148
0.998000 0.929408
1.000000 0.933043
1.002000 0.930538
1.004000 0.933820
1.006000 0.934642
1.008000 0.939372
1.010000 0.940254
1.012000 0.941180
1.014000 0.943325
1.016000 0.944153
1.018000 0.946026
1.020000 0.950427
1.022000 0.955739
1.024000 0.957070
1.026000 0.955716
1.028000 0.957877
1.030000 0.959007
1.032000 0.959786
1.034000 0.961291
1.036000 0.962593
1.038000 0.971089
1.040000 0.969720
1.042000 0.967742
1.044000 0.970116
1.046000 0.974540
1.048000 0.980747
1.050000 0.980333
1.052000 0.979182
1.054000 0.982416
1.056000 0.983397
1.058000 0.984302
1.060000 0.987523
1.062000 0.986175
1.064000 0.989636
1.066000 0.996424
1.068000 1.003042
1.070000 1.002713
1.072000 1.000314
1.074000 0.999433
1.076000 1.001823
1.078000 1.008534
1.080000 1.012593
1.082000 1.013380
1.084000 1.019181
1.086000 1.019122
1.088000 1.020934
1.090000 1.023648
1.092000 1.024268
1.094000 1.027355
1.096000 1.032332
1.098000 1.037545
1.100000 1.040935
1.102000 1.038144
1.104000 1.038783
1.106000 1.042219
1.108000 1.041545
1.110000 1.038357
1.112000 1.038343
1.114000 1.039276
1.116000 1.044955
1.118000 1.054294
1.120000 1.054005
1.122000 1.055253
1.124000 1.061190
1.126000 1.060981
1.128000 1.057814
1.130000 1.059401
1.132000 1.058658
1.134000 1.061624
1.136000 1.064774
1.138000 1.073180
1.140000 1.076986
1.142000 1.075786
1.144000 1.075718
1.146000 1.077610
1.148000 1.080166
1.150000 1.085350
1.152000 1.087321
1.154000 1.090838
1.156000 1.093723
1.158000 1.094758
1.160000 1.093499
1.162000 1.091912
1.164000 1.094154
1.166000 1.099046
1.168000 1.099400
1.170000 1.099739
1.172000 1.102170
1.174000 1.109425
1.176000 1.113665
1.178000 1.112519
1.180000 1.116767
1.182000 1.117589
1.184000 1.120619
1.186000 1.124689
1.188000 1.124300
1.190000 1.125375
1.192000 1.129225
1.194000 1.128542
1.196000 1.130143
1.198000 1.131436
1.200000 1.136534
1.202000 1.137935
1.204000 1.141552
1.206000 1.140171
1.208000 1.142205
1.210000 1.149635
1.212000 1.146469
1.214000 1.145062
1.216000 1.149828
1.218000 1.155224
1.220000 1.156673
1.222000 1.154318
1.224000 1.155802
1.226000 1.160635
1.228000 1.161208
1.230000 1.160924
1.232000 1.166248
1.234000 1.169630
1.236000 1.173456
1.238000 1.175968
1.240000 1.180002
1.242000 1.185395
1.244000 1.188610
1.246000 1.190710
1.248000 1.194903
1.250000 1.196821
1.252000 1.196276
1.254000 1.192133
1.256000 1.188399
1.258000 1.192319
1.260000 1.191136
1.262000 1.189047
1.264000 1.193587
1.266000 1.200954
1.268000 1.204818
1.270000 1.204388
1.272000 1.203740
1.274000 1.205185
1.276000 1.211886
1.278000 1.215067
1.280000 1.215422
1.282000 1.216087
1.284000 1.218771
1.286000 1.228029
1.288000 1.231508
1.290000 1.229351
1.292000 1.232369
1.294000 1.229540
1.296000 1.228670
1.298000 1.236780
1.300000 1.239608
1.302000 1.238986
1.304000 1.240823
1.306000 1.240942
1.308000 1.246231
1.310000 1.248530
1.312000 1.245882
1.314000 1.251482
1.316000 1.257931
1.318000 1.259690
1.320000 1.260225
1.322000 1.265522
1.324000 1.267306
1.326000 1.268253
1.328000 1.261957
1.330000 1.263730
1.332000 1.263075
1.334000 1.271770
1.336000 1.273948
1.338000 1.275257
1.340000 1.272809
1.342000 1.279560
1.344000 1.280159
1.346000 1.285064
1.348000 1.289029
1.350000 1.290816
1.352000 1.288801
1.354000 1.287916
1.356000 1.290068
1.358000 1.298083
1.360000 1.302939
1.362000 1.303632
1.364000 1.301606
1.366000 1.304939
1.368000 1.305905
1.370000 1.311870
1.372000 1.325660
1.374000 1.326032
1.376000 1.324775
1.378000 1.324386
1.380000 1.325345
1.382000 1.323848
1.384000 1.323256
1.386000 1.324258
1.388000 1.325821
1.390000 1.329630
1.392000 1.336193
1.394000 1.336020
1.396000 1.335896
1.398000 1.335677
1.400000 1.338222
1.402000 1.343981
1.404000 1.347599
1.406000 1.350274
1.408000 1.355016
1.410000 1.352417
1.412000 1.344213
1.414000 1.346911
1.416000 1.348848
1.418000 1.349639
1.420000 1.361137
1.422000 1.366801
1.424000 1.365250
1.426000 1.365243
1.428000 1.372214
1.430000 1.372015
1.432000 1.372899
1.434000 1.375348
1.436000 1.378136
1.438000 1.384342
1.440000 1.386340
1.442000 1.386684
1.444000 1.385431
1.446000 1.384099
1.448000 1.388154
1.450000 1.393380
1.452000 1.401945
1.454000 1.405472
1.456000 1.411493
1.458000 1.411694
1.460000 1.406246
1.462000 1.404810
1.464000 1.402488
1.466000 1.405499
1.468000 1.406283
1.470000 1.409045
1.472000 1.411039
1.474000 1.417893
1.476000 1.420769
1.478000 1.422455
1.480000 1.425564
1.482000 1.430211
1.484000 1.432668
1.486000 1.433036
1.488000 1.431777
1.490000 1.429415
1.492000 1.428240
1.494000 1.427720
1.496000 1.439369
1.498000 1.445914
1.500000 1.449816
1.502000 1.446769
1.504000 1.450201
1.506000 1.454553
1.508000 1.454609
1.510000 1.452907
1.512000 1.457086
1.514000 1.466064
1.516000 1.463705
1.518000 1.462558
1.520000 1.459675
1.522000 1.457586
1.524000 1.465103
1.526000 1.470100
1.528000 1.475361
1.530000 1.473004
1.532000 1.475539
1.534000 1.481146
1.536000 1.484979
1.538000 1.481844
1.540000 1.479067
1.542000 1.482485
1.544000 1.487602
1.546000 1.485291
1.548000 1.490258
1.550000 1.493443
1.552000 1.496236
1.554000 1.495144
1.556000 1.504404
1.558000 1.508184
1.560000 1.506782
1.562000 1.504578
1.564000 1.503070
1.566000 1.508830
1.568000 1.511520
1.570000 1.509030
1.572000 1.513179
1.574000 1.518069
1.576000 1.523381
1.578000 1.530500
1.580000 1.530366
1.582000 1.532601
1.584000 1.533543
1.586000 1.536589
1.588000 1.531722
1.590000 1.529320
1.592000 1.528107
1.594000 1.527539
1.596000 1.528525
1.598000 1.534043
1.600000 1.545209
1.602000 1.555515
1.604000 1.559011
1.606000 1.557756
1.608000 1.558766
1.610000 1.559373
1.612000 1.560838
1.614000 1.562949
1.616000 1.558121
1.618000 1.557890
1.620000 1.566917
1.622000 1.565197
1.624000 1.565050
1.626000 1.576661
1.628000 1.580771
1.630000 1.587284
1.632000 1.587056
1.634000 1.583911
1.636000 1.582240
1.638000 1.578708
1.640000 1.578269
1.642000 1.582840
1.644000 1.587132
1.646000 1.588304
1.648000 1.599498
1.650000 1.605574
1.652000 1.607701
1.654000 1.609047
1.656000 1.604620
1.658000 1.609561
1.660000 1.613497
1.662000 1.607489
1.664000 1.610892
1.666000 1.611883
1.668000 1.615260
1.670000 1.616662
1.672000 1.616539
1.674000 1.623921
1.676000 1.631430
1.678000 1.634206
1.680000 1.632219
1.682000 1.625092
1.684000 1.622045
1.686000 1.626960
1.688000 1.632551
1.690000 1.632263
1.692000 1.637250
1.694000 1.641012
1.696000 1.644306
1.698000 1.648669
1.700000 1.651897
1.702000 1.661662
1.704000 1.666689
1.706000 1.662738
1.708000 1.662956
1.710000 1.666081
1.712000 1.666683
1.714000 1.663371
1.716000 1.667700
1.718000 1.671699
1.720000 1.671270
1.722000 1.673271
1.724000 1.675862
1.726000 1.676183
1.728000 1.677083
1.730000 1.675956
1.732000 1.671183
1.734000 1.675757
1.736000 1.682221
1.738000 1.685645
1.740000 1.693955
1.742000 1.698050
1.744000 1.699447
1.746000 1.699823
1.748000 1.701084
1.750000 1.704384
1.752000 1.704363
1.754000 1.700382
1.756000 1.699765
1.758000 1.703622
1.760000 1.705813
1.762000 1.712873
1.764000 1.712917
1.766000 1.714010
1.768000 1.715693
1.770000 1.718451
1.772000 1.718877
1.774000 1.719858
1.776000 1.728162
1.778000 1.728679
1.780000 1.730762
1.782000 1.729615
1.784000 1.729348
1.786000 1.732897
1.788000 1.745664
1.790000 1.749847
1.792000 1.747231
1.794000 1.743695
1.796000 1.749010
1.798000 1.753126
1.800000 1.749550
1.802000 1.747629
1.804000 1.747068
1.806000 1.750799
1.808000 1.750931
1.810000 1.750913
1.812000 1.765500
1.814000 1.772547
1.816000 1.772703
1.818000 1.770872
1.820000 1.768031
1.822000 1.774450
1.824000 1.771126
1.826000 1.778575
1.828000 1.776677
1.830000 1.782412
1.832000 1.780540
1.834000 1.786611
1.836000 1.789561
1.838000 1.788573
1.840000 1.794203
1.842000 1.794139
1.844000 1.796283
1.846000 1.801483
1.848000 1.802198
1.850000 1.804400
1.852000 1.803720
1.854000 1.802213
1.856000 1.807445
1.858000 1.816521
1.860000 1.819988
1.862000 1.813141
1.864000 1.809427
1.866000 1.810910
1.868000 1.819003
1.870000 1.817138
1.872000 1.818218
1.874000 1.821795
1.876000 1.831906
1.878000 1.832786
1.880000 1.833221
1.882000 1.836372
1.884000 1.840072
1.886000 1.836339
1.888000 1.832412
1.890000 1.834326
1.892000 1.842194
1.894000 1.842424
1.896000 1.841533
1.898000 1.849773
1.900000 1.850428
1.902000 1.855096
1.904000 1.862766
1.906000 1.864437
1.908000 1.858658
1.910000 1.855604
1.912000 1.859833
1.914000 1.865500
1.916000 1.873356
1.918000 1.881552
1.920000 1.879597
1.922000 1.875805
1.924000 1.879380
1.926000 1.884847
1.928000 1.882371
1.930000 1.879312
1.932000 1.879736
1.934000 1.875405
1.936000 1.882331
1.938000 1.898133
1.940000 1.902536
1.942000 1.905877
1.944000 1.903420
1.946000 1.898925
1.948000 1.900804
1.950000 1.899912
1.952000 1.901766
1.954000 1.903507
1.956000 1.903831
1.958000 1.910899
1.960000 1.916433
1.962000 1.917477
1.964000 1.915021
1.966000 1.921336
1.968000 1.927961
1.970000 1.922026
1.972000 1.920841
1.974000 1.924990
1.976000 1.927289
1.978000 1.928373
1.980000 1.932367
1.982000 1.936636
1.984000 1.931638
1.986000 1.933033
1.988000 1.934671
1.990000 1.935558
1.992000 1.944721
1.994000 1.954569
1.996000 1.952717
1.998000 1.951137
