0.500000 0.999962 -3.999695 0.000002 0.000002
0.600000 0.999942 -3.999538 0.000002 0.000002
0.700000 0.999925 -3.999404 0.000002 0.000002
0.800000 0.999884 -3.999076 0.000003 0.000002
0.900000 0.999595 -3.996811 0.000010 0.000007
1.000000 0.999221 -3.993910 0.000018 0.000010
1.100000 0.998632 -3.989361 0.000027 0.000014
1.200000 0.997108 -3.977999 0.000061 0.000027
1.300000 0.994499 -3.958444 0.000110 0.000043
1.400000 0.991395 -3.935251 0.000155 0.000057
1.500000 0.986523 -3.902420 0.000263 0.000078
1.600000 0.978976 -3.851216 0.000408 0.000104
1.700000 0.969838 -3.796187 0.000696 0.000137
1.800000 0.958626 -3.725537 0.000984 0.000167
1.900000 0.938124 -3.615917 0.001879 0.000232
2.000000 0.917630 -3.506867 0.002348 0.000256
2.100000 0.871411 -3.331761 0.007084 0.000344
2.200000 0.051462 -3.086623 0.300556 0.000530
2.300000 0.320924 -2.871017 0.205225 0.000502
2.400000 0.197164 -2.608706 0.171636 0.000530
2.500000 0.057113 -2.353364 0.136667 0.000460
2.600000 0.022146 -2.149356 0.100032 0.000351
2.700000 0.053261 -1.980532 0.074826 0.000305
2.800000 0.008786 -1.843130 0.055251 0.000234
2.900000 0.015989 -1.740634 0.047511 0.000207
3.000000 0.007855 -1.643182 0.036536 0.000167
3.100000 0.002982 -1.555260 0.030233 0.000156
3.200000 0.033188 -1.513698 0.027286 0.000139
3.300000 0.004467 -1.431232 0.022103 0.000121
3.400000 0.028673 -1.379887 0.019099 0.000109
3.500000 0.011502 -1.313269 0.016302 0.000096
3.600000 0.004604 -1.273579 0.015156 0.000088
3.700000 0.009418 -1.228719 0.013926 0.000088
3.800000 0.002621 -1.192367 0.013188 0.000081
3.900000 0.005593 -1.144259 0.011003 0.000072
