0.000000 -0.000118
0.002000 -0.011142
0.004000 -0.008646
0.006000 -0.005093
0.008000 -0.001475
0.010000 0.001380
0.012000 0.004865
0.014000 0.008408
0.016000 0.009984
0.018000 0.011873
0.020000 0.014181
0.022000 0.016949
0.024000 0.019117
0.026000 0.021884
0.028000 0.024420
0.030000 0.026008
0.032000 0.027662
0.034000 0.028444
0.036000 0.029604
0.038000 0.031777
0.040000 0.033661
0.042000 0.035063
0.044000 0.037330
0.046000 0.038739
0.048000 0.040579
0.050000 0.042479
0.052000 0.043038
0.054000 0.044762
0.056000 0.046130
0.058000 0.047496
0.060000 0.048860
0.062000 0.050222
0.064000 0.051582
0.066000 0.052945
0.068000 0.054594
0.070000 0.056490
0.072000 0.057793
0.074000 0.060210
0.076000 0.061732
0.078000 0.063059
0.080000 0.064242
0.082000 0.065432
0.084000 0.066627
0.086000 0.067828
0.088000 0.069032
0.090000 0.070843
0.092000 0.072416
0.094000 0.073556
0.096000 0.075170
0.098000 0.078012
0.100000 0.080037
0.102000 0.080957
0.104000 0.083066
0.106000 0.084657
0.108000 0.086523
0.110000 0.090039
0.112000 0.091510
0.114000 0.092141
0.116000 0.093787
0.118000 0.094565
0.120000 0.095815
0.122000 0.096673
0.124000 0.097323
0.126000 0.098586
0.128000 0.099409
0.130000 0.100110
0.132000 0.100848
0.134000 0.101617
0.136000 0.102670
0.138000 0.104712
0.140000 0.106596
0.142000 0.107664
0.144000 0.108343
0.146000 0.109058
0.148000 0.110053
0.150000 0.111537
0.152000 0.113965
0.154000 0.116149
0.156000 0.116707
0.158000 0.119190
0.160000 0.120811
0.162000 0.121922
0.164000 0.123025
0.166000 0.124896
0.168000 0.125393
0.170000 0.126818
0.172000 0.128537
0.174000 0.129829
0.176000 0.131497
0.178000 0.132794
0.180000 0.133747
0.182000 0.134108
0.184000 0.136610
0.186000 0.137912
0.188000 0.138036
0.190000 0.138201
0.192000 0.139251
0.194000 0.139807
0.196000 0.140861
0.198000 0.142538
0.200000 0.143595
0.202000 0.144001
0.204000 0.144176
0.206000 0.145126
0.208000 0.146028
0.210000 0.148049
0.212000 0.150097
0.214000 0.151203
0.216000 0.152751
0.218000 0.153409
0.220000 0.153398
0.222000 0.154323
0.224000 0.156339
0.226000 0.157586
0.228000 0.157941
0.230000 0.159287
0.232000 0.160160
0.234000 0.161133
0.236000 0.163381
0.238000 0.165938
0.240000 0.167054
0.242000 0.167210
0.244000 0.167426
0.246000 0.167102
0.248000 0.167582
0.250000 0.168099
0.252000 0.170129
0.254000 0.172094
0.256000 0.173217
0.258000 0.175843
0.260000 0.177896
0.262000 0.179388
0.264000 0.179437
0.266000 0.179973
0.268000 0.180921
0.270000 0.181638
0.272000 0.182315
0.274000 0.181818
0.276000 0.182750
0.278000 0.183425
0.280000 0.183799
0.282000 0.183783
0.284000 0.183814
0.286000 0.183738
0.288000 0.183983
0.290000 0.185790
0.292000 0.185629
0.294000 0.185154
0.296000 0.186709
0.298000 0.187729
0.300000 0.188594
0.302000 0.189080
0.304000 0.190538
0.306000 0.191634
0.308000 0.191670
0.310000 0.192627
0.312000 0.193629
0.314000 0.193842
0.316000 0.194897
0.318000 0.196066
0.320000 0.196208
0.322000 0.196714
0.324000 0.197654
0.326000 0.199513
0.328000 0.199403
0.330000 0.199513
0.332000 0.200431
0.334000 0.201663
0.336000 0.200933
0.338000 0.203078
0.340000 0.203855
0.342000 0.204992
0.344000 0.205344
0.346000 0.206576
0.348000 0.205823
0.350000 0.206486
0.352000 0.206498
0.354000 0.205803
0.356000 0.207577
0.358000 0.208227
0.360000 0.207972
0.362000 0.210687
0.364000 0.210925
0.366000 0.211611
0.368000 0.210808
0.370000 0.211530
0.372000 0.213063
0.374000 0.217143
0.376000 0.219517
0.378000 0.219588
0.380000 0.220408
0.382000 0.220468
0.384000 0.219483
0.386000 0.218295
0.388000 0.217763
0.390000 0.216331
0.392000 0.216719
0.394000 0.217067
0.396000 0.216305
0.398000 0.216809
0.400000 0.216119
0.402000 0.216354
0.404000 0.216301
0.406000 0.216247
0.408000 0.218556
0.410000 0.219642
0.412000 0.220114
0.414000 0.219073
0.416000 0.218003
0.418000 0.218144
0.420000 0.219685
0.422000 0.218884
0.424000 0.217504
0.426000 0.216244
0.428000 0.217000
0.430000 0.217152
0.432000 0.217359
0.434000 0.216250
0.436000 0.215782
0.438000 0.216022
0.440000 0.215141
0.442000 0.214353
0.444000 0.213645
0.446000 0.213510
0.448000 0.216526
0.450000 0.218843
0.452000 0.220727
0.454000 0.220639
0.456000 0.221479
0.458000 0.224879
0.460000 0.226580
0.462000 0.230126
0.464000 0.232494
0.466000 0.232792
0.468000 0.232732
0.470000 0.232243
0.472000 0.232269
0.474000 0.232037
0.476000 0.232973
0.478000 0.237766
0.480000 0.237154
0.482000 0.236216
0.484000 0.237713
0.486000 0.237942
0.488000 0.239700
0.490000 0.240671
0.492000 0.241421
0.494000 0.243778
0.496000 0.244491
0.498000 0.245995
0.500000 0.247691
0.502000 0.249881
0.504000 0.249606
0.506000 0.251285
0.508000 0.250855
0.510000 0.250760
0.512000 0.251741
0.514000 0.255203
0.516000 0.257613
0.518000 0.258928
0.520000 0.258319
0.522000 0.260706
0.524000 0.260544
0.526000 0.261395
0.528000 0.264392
0.530000 0.269679
0.532000 0.271975
0.534000 0.278876
0.536000 0.279648
0.538000 0.280205
0.540000 0.284655
0.542000 0.286925
0.544000 0.290622
0.546000 0.293497
0.548000 0.295372
0.550000 0.298929
0.552000 0.299133
0.554000 0.301247
0.556000 0.304910
0.558000 0.308399
0.560000 0.311866
0.562000 0.312706
0.564000 0.314262
0.566000 0.316805
0.568000 0.320412
0.570000 0.323696
0.572000 0.325741
0.574000 0.325187
0.576000 0.325663
0.578000 0.329954
0.580000 0.333585
0.582000 0.331672
0.584000 0.332213
0.586000 0.334219
0.588000 0.340052
0.590000 0.342043
0.592000 0.342769
0.594000 0.343021
0.596000 0.339986
0.598000 0.340057
0.600000 0.340766
0.602000 0.339952
0.604000 0.344026
0.606000 0.346058
0.608000 0.349028
0.610000 0.349105
0.612000 0.353021
0.614000 0.355267
0.616000 0.355006
0.618000 0.359917
0.620000 0.361649
0.622000 0.362582
0.624000 0.364795
0.626000 0.369022
0.628000 0.371752
0.630000 0.374334
0.632000 0.378809
0.634000 0.380841
0.636000 0.377416
0.638000 0.378299
0.640000 0.383894
0.642000 0.386733
0.644000 0.388912
0.646000 0.391059
0.648000 0.393501
0.650000 0.396896
0.652000 0.399240
0.654000 0.398775
0.656000 0.398588
0.658000 0.400454
0.660000 0.407476
0.662000 0.417556
0.664000 0.424452
0.666000 0.425870
0.668000 0.428877
0.670000 0.434049
0.672000 0.434948
0.674000 0.434895
0.676000 0.437155
0.678000 0.440661
0.680000 0.441397
0.682000 0.446144
0.684000 0.446231
0.686000 0.446509
0.688000 0.446130
0.690000 0.448444
0.692000 0.449330
0.694000 0.450783
0.696000 0.453476
0.698000 0.455867
0.700000 0.454644
0.702000 0.457485
0.704000 0.461129
0.706000 0.462940
0.708000 0.464556
0.710000 0.467114
0.712000 0.467383
0.714000 0.465533
0.716000 0.466753
0.718000 0.471980
0.720000 0.474473
0.722000 0.479072
0.724000 0.481938
0.726000 0.486279
0.728000 0.489042
0.730000 0.497162
0.732000 0.499767
0.734000 0.502666
0.736000 0.505606
0.738000 0.508583
0.740000 0.512283
0.742000 0.517080
0.744000 0.518984
0.746000 0.521721
0.748000 0.524978
0.750000 0.523401
0.752000 0.524484
0.754000 0.522032
0.756000 0.523441
0.758000 0.524163
0.760000 0.525072
0.762000 0.526718
0.764000 0.529521
0.766000 0.527889
0.768000 0.530350
0.770000 0.533453
0.772000 0.539908
0.774000 0.541558
0.776000 0.541649
0.778000 0.548994
0.780000 0.552139
0.782000 0.552606
0.784000 0.550661
0.786000 0.551577
0.788000 0.555333
0.790000 0.561794
0.792000 0.559953
0.794000 0.559933
0.796000 0.561353
0.798000 0.564492
0.800000 0.563956
0.802000 0.561248
0.804000 0.568636
0.806000 0.570408
0.808000 0.570095
0.810000 0.570371
0.812000 0.577396
0.814000 0.575868
0.816000 0.575576
0.818000 0.576558
0.820000 0.585886
0.822000 0.590792
0.824000 0.592729
0.826000 0.592669
0.828000 0.594406
0.830000 0.599206
0.832000 0.602842
0.834000 0.606063
0.836000 0.602798
0.838000 0.600645
0.840000 0.599805
0.842000 0.600881
0.844000 0.605762
0.846000 0.609551
0.848000 0.612353
0.850000 0.611668
0.852000 0.614990
0.854000 0.617754
0.856000 0.621864
0.858000 0.623669
0.860000 0.621104
0.862000 0.620351
0.864000 0.623015
0.866000 0.627483
0.868000 0.629442
0.870000 0.631873
0.872000 0.630699
0.874000 0.637645
0.876000 0.644760
0.878000 0.646387
0.880000 0.647834
0.882000 0.650478
0.884000 0.655067
0.886000 0.656604
0.888000 0.655889
0.890000 0.657030
0.892000 0.663798
0.894000 0.665612
0.896000 0.666848
0.898000 0.670216
0.900000 0.670655
0.902000 0.668471
0.904000 0.668132
0.906000 0.671822
0.908000 0.674358
0.910000 0.676130
0.912000 0.676903
0.914000 0.680042
0.916000 0.689341
0.918000 0.690620
0.920000 0.691037
0.922000 0.696128
0.924000 0.696391
0.926000 0.700564
0.928000 0.699576
0.930000 0.700342
0.932000 0.699936
0.934000 0.697649
0.936000 0.698780
0.938000 0.697512
0.940000 0.701762
0.942000 0.706351
0.944000 0.712421
0.946000 0.717379
0.948000 0.721603
0.950000 0.723926
0.952000 0.724611
0.954000 0.727836
0.956000 0.730952
0.958000 0.734156
0.960000 0.733876
0.962000 0.737825
0.964000 0.743871
0.966000 0.748303
0.968000 0.745485
0.970000 0.746283
0.972000 0.745549
0.974000 0.744911
0.976000 0.751310
0.978000 0.752172
0.980000 0.747783
0.982000 0.754014
0.984000 0.751919
0.986000 0.760613
0.988000 0.758702
0.990000 0.759431
0.992000 0.761152
0.994000 0.768092
0.996000 0.773106
0.998000 0.771812
1.000000 0.772968
1.002000 0.773733
1.004000 0.782025
1.006000 0.787219
1.008000 0.792469
1.010000 0.795910
1.012000 0.797546
1.014000 0.798615
1.016000 0.797381
1.018000 0.801443
1.020000 0.804795
1.022000 0.813422
1.024000 0.821482
1.026000 0.826842
1.028000 0.828509
1.030000 0.825208
1.032000 0.826868
1.034000 0.831056
1.036000 0.834671
1.038000 0.844027
1.040000 0.849260
1.042000 0.847423
1.044000 0.848968
1.046000 0.849832
1.048000 0.865921
1.050000 0.875928
1.052000 0.879838
1.054000 0.883841
1.056000 0.890293
1.058000 0.895027
1.060000 0.902887
1.062000 0.911519
1.064000 0.913591
1.066000 0.911431
1.068000 0.910891
1.070000 0.908753
1.072000 0.905855
1.074000 0.913437
1.076000 0.914603
1.078000 0.917687
1.080000 0.925310
1.082000 0.922179
1.084000 0.927060
1.086000 0.923667
1.088000 0.928280
1.090000 0.928339
1.092000 0.926656
1.094000 0.928141
1.096000 0.926212
1.098000 0.930024
1.100000 0.930597
1.102000 0.927863
1.104000 0.933769
1.106000 0.941456
1.108000 0.946960
1.110000 0.942924
1.112000 0.941584
1.114000 0.943176
1.116000 0.949984
1.118000 0.954669
1.120000 0.960534
1.122000 0.968909
1.124000 0.974319
1.126000 0.983728
1.128000 0.986246
1.130000 0.987450
1.132000 0.985607
1.134000 0.986071
1.136000 0.984550
1.138000 0.986105
1.140000 0.989412
1.142000 0.995982
1.144000 1.000104
1.146000 1.003314
1.148000 1.012156
1.150000 1.015219
1.152000 1.011956
1.154000 1.010519
1.156000 1.009212
1.158000 1.008002
1.160000 1.012308
1.162000 1.023114
1.164000 1.027055
1.166000 1.027071
1.168000 1.027278
1.170000 1.024256
1.172000 1.018513
1.174000 1.020218
1.176000 1.025243
1.178000 1.029721
1.180000 1.033374
1.182000 1.036842
1.184000 1.029581
1.186000 1.026643
1.188000 1.029405
1.190000 1.034469
1.192000 1.038763
1.194000 1.056766
1.196000 1.057232
1.198000 1.062211
1.200000 1.065198
1.202000 1.062254
1.204000 1.063441
1.206000 1.065291
1.208000 1.069469
1.210000 1.076834
1.212000 1.083810
1.214000 1.084783
1.216000 1.083314
1.218000 1.082754
1.220000 1.084188
1.222000 1.080562
1.224000 1.084399
1.226000 1.090802
1.228000 1.093880
1.230000 1.096286
1.232000 1.097232
1.234000 1.101344
1.236000 1.100546
1.238000 1.107729
1.240000 1.105135
1.242000 1.112139
1.244000 1.116193
1.246000 1.114704
1.248000 1.114488
1.250000 1.116582
1.252000 1.121825
1.254000 1.122797
1.256000 1.125608
1.258000 1.123769
1.260000 1.132910
1.262000 1.129232
1.264000 1.134420
1.266000 1.136335
1.268000 1.138350
1.270000 1.132810
1.272000 1.127208
1.274000 1.136181
1.276000 1.141829
1.278000 1.143225
1.280000 1.140632
1.282000 1.139013
1.284000 1.138183
1.286000 1.140039
1.288000 1.143647
1.290000 1.144932
1.292000 1.156007
1.294000 1.165153
1.296000 1.166560
1.298000 1.173716
1.300000 1.180116
1.302000 1.185259
1.304000 1.188687
1.306000 1.189968
1.308000 1.187734
1.310000 1.192201
1.312000 1.196937
1.314000 1.200954
1.316000 1.201367
1.318000 1.199154
1.320000 1.205984
1.322000 1.212872
1.324000 1.216074
1.326000 1.210706
1.328000 1.211391
1.330000 1.207586
1.332000 1.205908
1.334000 1.210866
1.336000 1.221280
1.338000 1.217938
1.340000 1.219330
1.342000 1.219619
1.344000 1.216332
1.346000 1.212950
1.348000 1.216389
1.350000 1.220916
1.352000 1.216853
1.354000 1.220926
1.356000 1.222425
1.358000 1.228231
1.360000 1.231160
1.362000 1.235368
1.364000 1.232446
1.366000 1.235361
1.368000 1.243001
1.370000 1.244175
1.372000 1.244767
1.374000 1.248373
1.376000 1.253244
1.378000 1.262079
1.380000 1.265048
1.382000 1.270390
1.384000 1.279088
1.386000 1.276619
1.388000 1.275014
1.390000 1.287037
1.392000 1.292848
1.394000 1.291990
1.396000 1.298874
1.398000 1.295487
1.400000 1.292479
1.402000 1.290762
1.404000 1.295957
1.406000 1.293750
1.408000 1.289905
1.410000 1.286613
1.412000 1.286589
1.414000 1.296789
1.416000 1.303501
1.418000 1.310308
1.420000 1.312555
1.422000 1.309066
1.424000 1.302266
1.426000 1.305330
1.428000 1.309093
1.430000 1.316466
1.432000 1.321471
1.434000 1.322209
1.436000 1.321779
1.438000 1.326710
1.440000 1.334855
1.442000 1.336217
1.444000 1.344473
1.446000 1.344439
1.448000 1.352206
1.450000 1.355726
1.452000 1.358692
1.454000 1.365784
1.456000 1.370509
1.458000 1.368969
1.460000 1.366959
1.462000 1.363237
1.464000 1.357577
1.466000 1.361755
1.468000 1.368676
1.470000 1.373965
1.472000 1.375106
1.474000 1.376452
1.476000 1.371370
1.478000 1.375724
1.480000 1.374350
1.482000 1.372278
1.484000 1.368944
1.486000 1.366719
1.488000 1.370385
1.490000 1.375491
1.492000 1.376810
1.494000 1.383508
1.496000 1.389952
1.498000 1.388962
1.500000 1.392092
1.502000 1.396166
1.504000 1.401050
1.506000 1.406771
1.508000 1.409517
1.510000 1.414933
1.512000 1.413646
1.514000 1.422319
1.516000 1.427614
1.518000 1.431612
1.520000 1.438460
1.522000 1.435030
1.524000 1.435510
1.526000 1.431877
1.528000 1.431269
1.530000 1.423060
1.532000 1.421308
1.534000 1.418808
1.536000 1.417887
1.538000 1.418564
1.540000 1.427226
1.542000 1.438736
1.544000 1.442402
1.546000 1.442545
1.548000 1.442727
1.550000 1.448275
1.552000 1.455879
1.554000 1.461885
1.556000 1.462183
1.558000 1.461915
1.560000 1.460296
1.562000 1.462164
1.564000 1.464435
1.566000 1.471535
1.568000 1.476747
1.570000 1.475251
1.572000 1.469451
1.574000 1.472152
1.576000 1.469872
1.578000 1.475463
1.580000 1.479000
1.582000 1.483392
1.584000 1.486998
1.586000 1.493683
1.588000 1.496019
1.590000 1.507397
1.592000 1.511924
1.594000 1.514122
1.596000 1.529590
1.598000 1.528448
1.600000 1.526873
1.602000 1.520635
1.604000 1.519319
1.606000 1.512841
1.608000 1.510761
1.610000 1.510124
1.612000 1.511216
1.614000 1.512625
1.616000 1.513035
1.618000 1.516581
1.620000 1.516817
1.622000 1.520907
1.624000 1.522809
1.626000 1.523027
1.628000 1.524508
1.630000 1.523056
1.632000 1.528263
1.634000 1.541876
1.636000 1.553823
1.638000 1.562052
1.640000 1.562689
1.642000 1.567375
1.644000 1.568506
1.646000 1.570240
1.648000 1.567602
1.650000 1.558259
1.652000 1.555993
1.654000 1.561611
1.656000 1.558413
1.658000 1.560121
1.660000 1.560762
1.662000 1.567519
1.664000 1.570249
1.666000 1.578403
1.668000 1.583109
1.670000 1.587298
1.672000 1.582124
1.674000 1.581139
1.676000 1.584308
1.678000 1.593227
1.680000 1.608204
1.682000 1.613382
1.684000 1.610450
1.686000 1.603412
1.688000 1.606894
1.690000 1.604518
1.692000 1.602464
1.694000 1.605379
1.696000 1.608789
1.698000 1.607850
1.700000 1.612188
1.702000 1.606813
1.704000 1.605157
1.706000 1.605934
1.708000 1.616392
1.710000 1.624516
1.712000 1.630254
1.714000 1.635367
1.716000 1.637218
1.718000 1.639978
1.720000 1.648749
1.722000 1.647790
1.724000 1.648712
1.726000 1.654726
1.728000 1.653137
1.730000 1.655114
1.732000 1.654710
1.734000 1.655382
1.736000 1.653138
1.738000 1.651346
1.740000 1.647794
1.742000 1.639991
1.744000 1.644692
1.746000 1.649066
1.748000 1.653636
1.750000 1.650111
1.752000 1.652261
1.754000 1.658569
1.756000 1.663158
1.758000 1.670544
1.760000 1.689461
1.762000 1.694845
1.764000 1.700195
1.766000 1.702983
1.768000 1.705726
1.770000 1.709228
1.772000 1.702155
1.774000 1.699095
1.776000 1.694060
1.778000 1.692909
1.780000 1.686018
1.782000 1.685880
1.784000 1.685580
1.786000 1.689353
1.788000 1.686040
1.790000 1.686036
1.792000 1.688547
1.794000 1.697030
1.796000 1.705514
1.798000 1.709406
1.800000 1.712647
1.802000 1.719859
1.804000 1.729358
1.806000 1.734835
1.808000 1.738025
1.810000 1.738039
1.812000 1.733954
1.814000 1.732862
1.816000 1.728531
1.818000 1.731555
1.820000 1.732917
1.822000 1.742966
1.824000 1.747202
1.826000 1.744321
1.828000 1.749718
1.830000 1.754014
1.832000 1.763298
1.834000 1.759391
1.836000 1.752640
1.838000 1.748592
1.840000 1.750502
1.842000 1.762818
1.844000 1.765195
1.846000 1.767299
1.848000 1.770344
1.850000 1.770137
1.852000 1.775730
1.854000 1.777986
1.856000 1.780543
1.858000 1.777629
1.860000 1.778522
1.862000 1.780168
1.864000 1.784064
1.866000 1.790941
1.868000 1.791436
1.870000 1.793898
1.872000 1.804847
1.874000 1.798520
1.876000 1.795320
1.878000 1.796329
1.880000 1.804700
1.882000 1.807940
1.884000 1.807114
1.886000 1.805343
1.888000 1.810881
1.890000 1.809093
1.892000 1.809597
1.894000 1.807016
1.896000 1.812911
1.898000 1.815517
1.900000 1.822807
1.902000 1.825425
1.904000 1.829401
1.906000 1.834851
1.908000 1.842590
1.910000 1.846401
1.912000 1.852341
1.914000 1.847009
1.916000 1.846277
1.918000 1.856038
1.920000 1.857589
1.922000 1.857779
1.924000 1.853953
1.926000 1.858252
1.928000 1.857868
1.930000 1.857023
1.932000 1.858129
1.934000 1.859030
1.936000 1.858769
1.938000 1.867452
1.940000 1.866505
1.942000 1.866666
1.944000 1.870679
1.946000 1.881709
1.948000 1.880568
1.950000 1.876136
1.952000 1.882697
1.954000 1.885067
1.956000 1.884925
1.958000 1.889103
1.960000 1.886223
1.962000 1.882036
1.964000 1.888628
1.966000 1.887000
1.968000 1.886802
1.970000 1.894962
1.972000 1.901731
1.974000 1.904167
1.976000 1.913126
1.978000 1.920727
1.980000 1.924529
1.982000 1.920032
1.984000 1.920716
1.986000 1.916341
1.988000 1.917605
1.990000 1.918559
1.992000 1.910179
1.994000 1.920170
1.996000 1.923716
1.998000 1.923596
