0.000000 -0.000058
0.002000 -0.006910
0.004000 -0.005436
0.006000 -0.002749
0.008000 0.000049
0.010000 0.002556
0.012000 0.005667
0.014000 0.008519
0.016000 0.009302
0.018000 0.010778
0.020000 0.013141
0.022000 0.015381
0.024000 0.017036
0.026000 0.018364
0.028000 0.019649
0.030000 0.021710
0.032000 0.023253
0.034000 0.024400
0.036000 0.025958
0.038000 0.027864
0.040000 0.028904
0.042000 0.029832
0.044000 0.031745
0.046000 0.032715
0.048000 0.033701
0.050000 0.035325
0.052000 0.034419
0.054000 0.035449
0.056000 0.035913
0.058000 0.037002
0.060000 0.038083
0.062000 0.039158
0.064000 0.041060
0.066000 0.042720
0.068000 0.044489
0.070000 0.046191
0.072000 0.047581
0.074000 0.049248
0.076000 0.050344
0.078000 0.052390
0.080000 0.053621
0.082000 0.055766
0.084000 0.056294
0.086000 0.056819
0.088000 0.057662
0.090000 0.058533
0.092000 0.059992
0.094000 0.060669
0.096000 0.061843
0.098000 0.063573
0.100000 0.064979
0.102000 0.065520
0.104000 0.066530
0.106000 0.067818
0.108000 0.069975
0.110000 0.071411
0.112000 0.072995
0.114000 0.073480
0.116000 0.073816
0.118000 0.074622
0.120000 0.075820
0.122000 0.078787
0.124000 0.080512
0.126000 0.081405
0.128000 0.082779
0.130000 0.082885
0.132000 0.082705
0.134000 0.082562
0.136000 0.083309
0.138000 0.084235
0.140000 0.084349
0.142000 0.085644
0.144000 0.086438
0.146000 0.088074
0.148000 0.088971
0.150000 0.088715
0.152000 0.088747
0.154000 0.088619
0.156000 0.088974
0.158000 0.091258
0.160000 0.091212
0.162000 0.091885
0.164000 0.093227
0.166000 0.095156
0.168000 0.097154
0.170000 0.098845
0.172000 0.099335
0.174000 0.100070
0.176000 0.099742
0.178000 0.101769
0.180000 0.103258
0.182000 0.103506
0.184000 0.104156
0.186000 0.104900
0.188000 0.105018
0.190000 0.106430
0.192000 0.107695
0.194000 0.106985
0.196000 0.107396
0.198000 0.107366
0.200000 0.107830
0.202000 0.109726
0.204000 0.110454
0.206000 0.110875
0.208000 0.111274
0.210000 0.112126
0.212000 0.112961
0.214000 0.112833
0.216000 0.111894
0.218000 0.113553
0.220000 0.114197
0.222000 0.114218
0.224000 0.115730
0.226000 0.116829
0.228000 0.117162
0.230000 0.115885
0.232000 0.115323
0.234000 0.114411
0.236000 0.116057
0.238000 0.116479
0.240000 0.116621
0.242000 0.116869
0.244000 0.118997
0.246000 0.120690
0.248000 0.120162
0.250000 0.118988
0.252000 0.119812
0.254000 0.120079
0.256000 0.120240
0.258000 0.119479
0.260000 0.124062
0.262000 0.124380
0.264000 0.125896
0.266000 0.124670
0.268000 0.124542
0.270000 0.123307
0.272000 0.122377
0.274000 0.121913
0.276000 0.123232
0.278000 0.124134
0.280000 0.123001
0.282000 0.122344
0.284000 0.121464
0.286000 0.120284
0.288000 0.120082
0.290000 0.119214
0.292000 0.120175
0.294000 0.120297
0.296000 0.120005
0.298000 0.119001
0.300000 0.120818
0.302000 0.121374
0.304000 0.122678
0.306000 0.122704
0.308000 0.123057
0.310000 0.122549
0.312000 0.121130
0.314000 0.120087
0.316000 0.122372
0.318000 0.122739
0.320000 0.124957
0.322000 0.126163
0.324000 0.126362
0.326000 0.126715
0.328000 0.126966
0.330000 0.126776
0.332000 0.125579
0.334000 0.126894
0.336000 0.126191
0.338000 0.124393
0.340000 0.123961
0.342000 0.123296
0.344000 0.123063
0.346000 0.122932
0.348000 0.122183
0.350000 0.120721
0.352000 0.120487
0.354000 0.120181
0.356000 0.120924
0.358000 0.122285
0.360000 0.120704
0.362000 0.121375
0.364000 0.124373
0.366000 0.124972
0.368000 0.125437
0.370000 0.126500
0.372000 0.127079
0.374000 0.125623
0.376000 0.125884
0.378000 0.126381
0.380000 0.125424
0.382000 0.125113
0.384000 0.124901
0.386000 0.123955
0.388000 0.124740
0.390000 0.124739
0.392000 0.123028
0.394000 0.123803
0.396000 0.122163
0.398000 0.122023
0.400000 0.124475
0.402000 0.125629
0.404000 0.125066
0.406000 0.124127
0.408000 0.122307
0.410000 0.124185
0.412000 0.125711
0.414000 0.126065
0.416000 0.126434
0.418000 0.126511
0.420000 0.126025
0.422000 0.124624
0.424000 0.122524
0.426000 0.122037
0.428000 0.121522
0.430000 0.120100
0.432000 0.119246
0.434000 0.118461
0.436000 0.117755
0.438000 0.116736
0.440000 0.115404
0.442000 0.115602
0.444000 0.116631
0.446000 0.117073
0.448000 0.115499
0.450000 0.113781
0.452000 0.112193
0.454000 0.112562
0.456000 0.112174
0.458000 0.111925
0.460000 0.111227
0.462000 0.111265
0.464000 0.110361
0.466000 0.110480
0.468000 0.110695
0.470000 0.110151
0.472000 0.109801
0.474000 0.110339
0.476000 0.110910
0.478000 0.110400
0.480000 0.110246
0.482000 0.111166
0.484000 0.114748
0.486000 0.116793
0.488000 0.117755
0.490000 0.118356
0.492000 0.119984
0.494000 0.121301
0.496000 0.121330
0.498000 0.122617
0.500000 0.125611
0.502000 0.128787
0.504000 0.129508
0.506000 0.131356
0.508000 0.131708
0.510000 0.130031
0.512000 0.129875
0.514000 0.129152
0.516000 0.130644
0.518000 0.131032
0.520000 0.130750
0.522000 0.128976
0.524000 0.127344
0.526000 0.127200
0.528000 0.126912
0.530000 0.126299
0.532000 0.126716
0.534000 0.128360
0.536000 0.128882
0.538000 0.128835
0.540000 0.129212
0.542000 0.129818
0.544000 0.128737
0.546000 0.128915
0.548000 0.131928
0.550000 0.133520
0.552000 0.135128
0.554000 0.135264
0.556000 0.139106
0.558000 0.142616
0.560000 0.141584
0.562000 0.141457
0.564000 0.141826
0.566000 0.144275
0.568000 0.145690
0.570000 0.149780
0.572000 0.151291
0.574000 0.154593
0.576000 0.159467
0.578000 0.164406
0.580000 0.169197
0.582000 0.169322
0.584000 0.170827
0.586000 0.174952
0.588000 0.174421
0.590000 0.175097
0.592000 0.178320
0.594000 0.185800
0.596000 0.188427
0.598000 0.188385
0.600000 0.187783
0.602000 0.190871
0.604000 0.191534
0.606000 0.194079
0.608000 0.198906
0.610000 0.202378
0.612000 0.201042
0.614000 0.202206
0.616000 0.207154
0.618000 0.212762
0.620000 0.211607
0.622000 0.214561
0.624000 0.223517
0.626000 0.227442
0.628000 0.227225
0.630000 0.229438
0.632000 0.230846
0.634000 0.232478
0.636000 0.233514
0.638000 0.234613
0.640000 0.240036
0.642000 0.242341
0.644000 0.245461
0.646000 0.248579
0.648000 0.247455
0.650000 0.245152
0.652000 0.244551
0.654000 0.243172
0.656000 0.238834
0.658000 0.240611
0.660000 0.244303
0.662000 0.244546
0.664000 0.246771
0.666000 0.248003
0.668000 0.250817
0.670000 0.255987
0.672000 0.258848
0.674000 0.259908
0.676000 0.260771
0.678000 0.260876
0.680000 0.268766
0.682000 0.271846
0.684000 0.275770
0.686000 0.276001
0.688000 0.279562
0.690000 0.289487
0.692000 0.297973
0.694000 0.298213
0.696000 0.299919
0.698000 0.303425
0.700000 0.307555
0.702000 0.310666
0.704000 0.312979
0.706000 0.316566
0.708000 0.319883
0.710000 0.321896
0.712000 0.323880
0.714000 0.324445
0.716000 0.325319
0.718000 0.326651
0.720000 0.327634
0.722000 0.327038
0.724000 0.328842
0.726000 0.336401
0.728000 0.343188
0.730000 0.340192
0.732000 0.339405
0.734000 0.341200
0.736000 0.339592
0.738000 0.341027
0.740000 0.340948
0.742000 0.341317
0.744000 0.347749
0.746000 0.353735
0.748000 0.357399
0.750000 0.362544
0.752000 0.361897
0.754000 0.366063
0.756000 0.368404
0.758000 0.368979
0.760000 0.370193
0.762000 0.371609
0.764000 0.373982
0.766000 0.373191
0.768000 0.373981
0.770000 0.372759
0.772000 0.373160
0.774000 0.372312
0.776000 0.369662
0.778000 0.374777
0.780000 0.375170
0.782000 0.379706
0.784000 0.379116
0.786000 0.380852
0.788000 0.384246
0.790000 0.384861
0.792000 0.388894
0.794000 0.391024
0.796000 0.397092
0.798000 0.404639
0.800000 0.407630
0.802000 0.411143
0.804000 0.417158
0.806000 0.422037
0.808000 0.422432
0.810000 0.424310
0.812000 0.420785
0.814000 0.418050
0.816000 0.418276
0.818000 0.415328
0.820000 0.416821
0.822000 0.419449
0.824000 0.418623
0.826000 0.415326
0.828000 0.420745
0.830000 0.427610
0.832000 0.430888
0.834000 0.434169
0.836000 0.436115
0.838000 0.438982
0.840000 0.442713
0.842000 0.444621
0.844000 0.447263
0.846000 0.446311
0.848000 0.444747
0.850000 0.443256
0.852000 0.442956
0.854000 0.450007
0.856000 0.451073
0.858000 0.455537
0.860000 0.455839
0.862000 0.452876
0.864000 0.456076
0.866000 0.452691
0.868000 0.451752
0.870000 0.452766
0.872000 0.452112
0.874000 0.450278
0.876000 0.454217
0.878000 0.459082
0.880000 0.466814
0.882000 0.464469
0.884000 0.463986
0.886000 0.466573
0.888000 0.465394
0.890000 0.466392
0.892000 0.470321
0.894000 0.471909
0.896000 0.471217
0.898000 0.478401
0.900000 0.485633
0.902000 0.493770
0.904000 0.494912
0.906000 0.497617
0.908000 0.500723
0.910000 0.497167
0.912000 0.496365
0.914000 0.494418
0.916000 0.496739
0.918000 0.504093
0.920000 0.506978
0.922000 0.509198
0.924000 0.510932
0.926000 0.510116
0.928000 0.507158
0.930000 0.508643
0.932000 0.507630
0.934000 0.506140
0.936000 0.506422
0.938000 0.507494
0.940000 0.508187
0.942000 0.516266
0.944000 0.522810
0.946000 0.526314
0.948000 0.531102
0.950000 0.532500
0.952000 0.532473
0.954000 0.535944
0.956000 0.531890
0.958000 0.533365
0.960000 0.539379
0.962000 0.548178
0.964000 0.550481
0.966000 0.551429
0.968000 0.551851
0.970000 0.553378
0.972000 0.560555
0.974000 0.562166
0.976000 0.561593
0.978000 0.561204
0.980000 0.559763
0.982000 0.552825
0.984000 0.550202
0.986000 0.562520
0.988000 0.574249
0.990000 0.583306
0.992000 0.592596
0.994000 0.599639
0.996000 0.604803
0.998000 0.613705
1.000000 0.617641
1.002000 0.621419
1.004000 0.632122
1.006000 0.630201
1.008000 0.635700
1.010000 0.652027
1.012000 0.656956
1.014000 0.663689
1.016000 0.667455
1.018000 0.672471
1.020000 0.681187
1.022000 0.696806
1.024000 0.704889
1.026000 0.712149
1.028000 0.723674
1.030000 0.729295
1.032000 0.739548
1.034000 0.753710
1.036000 0.758485
1.038000 0.768531
1.040000 0.782385
1.042000 0.785022
1.044000 0.783779
1.046000 0.788077
1.048000 0.787277
1.050000 0.787915
1.052000 0.791355
1.054000 0.794276
1.056000 0.795968
1.058000 0.804504
1.060000 0.801943
1.062000 0.805676
1.064000 0.803896
1.066000 0.805255
1.068000 0.803721
1.070000 0.814208
1.072000 0.816293
1.074000 0.819894
1.076000 0.814041
1.078000 0.812213
1.080000 0.811058
1.082000 0.813707
1.084000 0.818952
1.086000 0.817705
1.088000 0.822704
1.090000 0.825161
1.092000 0.827259
1.094000 0.832110
1.096000 0.834355
1.098000 0.838378
1.100000 0.836253
1.102000 0.838836
1.104000 0.834753
1.106000 0.830277
1.108000 0.830512
1.110000 0.840425
1.112000 0.848502
1.114000 0.851268
1.116000 0.854752
1.118000 0.857926
1.120000 0.859777
1.122000 0.872895
1.124000 0.873827
1.126000 0.870625
1.128000 0.872629
1.130000 0.873944
1.132000 0.866450
1.134000 0.867229
1.136000 0.877987
1.138000 0.881199
1.140000 0.887739
1.142000 0.891336
1.144000 0.896208
1.146000 0.898797
1.148000 0.897880
1.150000 0.903861
1.152000 0.908881
1.154000 0.921573
1.156000 0.927053
1.158000 0.930142
1.160000 0.931417
1.162000 0.950407
1.164000 0.947681
1.166000 0.940094
1.168000 0.941485
1.170000 0.943660
1.172000 0.948971
1.174000 0.943923
1.176000 0.945513
1.178000 0.956350
1.180000 0.966460
1.182000 0.965559
1.184000 0.967259
1.186000 0.963622
1.188000 0.957729
1.190000 0.955171
1.192000 0.956164
1.194000 0.961894
1.196000 0.960265
1.198000 0.967797
1.200000 0.962597
1.202000 0.960400
1.204000 0.964404
1.206000 0.965000
1.208000 0.982885
1.210000 0.991051
1.212000 0.982499
1.214000 0.986605
1.216000 0.981208
1.218000 0.988616
1.220000 0.997896
1.222000 0.996844
1.224000 1.001284
1.226000 1.010040
1.228000 1.018257
1.230000 1.030370
1.232000 1.043223
1.234000 1.047406
1.236000 1.048834
1.238000 1.048356
1.240000 1.047038
1.242000 1.045011
1.244000 1.043789
1.246000 1.045167
1.248000 1.042033
1.250000 1.033594
1.252000 1.031270
1.254000 1.035576
1.256000 1.032803
1.258000 1.029486
1.260000 1.030014
1.262000 1.035493
1.264000 1.038052
1.266000 1.045565
1.268000 1.048702
1.270000 1.044991
1.272000 1.048859
1.274000 1.049874
1.276000 1.046917
1.278000 1.048236
1.280000 1.049180
1.282000 1.057958
1.284000 1.066009
1.286000 1.071731
1.288000 1.082974
1.290000 1.095564
1.292000 1.099841
1.294000 1.108678
1.296000 1.115277
1.298000 1.126483
1.300000 1.127140
1.302000 1.124941
1.304000 1.130778
1.306000 1.134868
1.308000 1.140830
1.310000 1.147022
1.312000 1.150267
1.314000 1.146452
1.316000 1.145029
1.318000 1.142158
1.320000 1.142353
1.322000 1.133336
1.324000 1.141875
1.326000 1.150456
1.328000 1.143794
1.330000 1.153055
1.332000 1.147492
1.334000 1.138898
1.336000 1.134581
1.338000 1.132178
1.340000 1.134277
1.342000 1.137002
1.344000 1.139761
1.346000 1.139674
1.348000 1.147898
1.350000 1.147117
1.352000 1.159011
1.354000 1.159651
1.356000 1.163829
1.358000 1.162509
1.360000 1.167885
1.362000 1.173792
1.364000 1.168768
1.366000 1.172988
1.368000 1.187778
1.370000 1.192253
1.372000 1.194057
1.374000 1.198015
1.376000 1.203117
1.378000 1.210808
1.380000 1.218082
1.382000 1.227667
1.384000 1.233119
1.386000 1.236566
1.388000 1.229856
1.390000 1.225434
1.392000 1.223096
1.394000 1.222073
1.396000 1.209764
1.398000 1.205516
1.400000 1.215388
1.402000 1.209899
1.404000 1.215747
1.406000 1.218878
1.408000 1.229666
1.410000 1.234638
1.412000 1.230927
1.414000 1.234890
1.416000 1.249287
1.418000 1.245279
1.420000 1.248952
1.422000 1.248328
1.424000 1.250842
1.426000 1.245477
1.428000 1.244231
1.430000 1.252023
1.432000 1.262628
1.434000 1.280071
1.436000 1.291856
1.438000 1.286134
1.440000 1.281138
1.442000 1.286778
1.444000 1.288819
1.446000 1.287670
1.448000 1.279356
1.450000 1.271594
1.452000 1.267662
1.454000 1.275258
1.456000 1.273912
1.458000 1.279467
1.460000 1.283405
1.462000 1.281793
1.464000 1.279095
1.466000 1.288521
1.468000 1.293773
1.470000 1.295061
1.472000 1.303674
1.474000 1.304623
1.476000 1.309371
1.478000 1.313932
1.480000 1.324002
1.482000 1.327821
1.484000 1.337063
1.486000 1.335941
1.488000 1.337387
1.490000 1.335199
1.492000 1.338321
1.494000 1.338735
1.496000 1.341293
1.498000 1.345151
1.500000 1.343521
1.502000 1.347249
1.504000 1.344399
1.506000 1.346440
1.508000 1.344624
1.510000 1.342382
1.512000 1.354781
1.514000 1.350536
1.516000 1.352259
1.518000 1.360628
1.520000 1.363037
1.522000 1.360977
1.524000 1.356833
1.526000 1.357438
1.528000 1.365132
1.530000 1.372801
1.532000 1.382035
1.534000 1.386886
1.536000 1.388599
1.538000 1.378999
1.540000 1.372793
1.542000 1.371848
1.544000 1.371020
1.546000 1.374622
1.548000 1.376794
1.550000 1.382096
1.552000 1.383225
1.554000 1.390561
1.556000 1.411200
1.558000 1.436720
1.560000 1.441997
1.562000 1.438598
1.564000 1.435600
1.566000 1.432042
1.568000 1.423379
1.570000 1.418456
1.572000 1.425844
1.574000 1.422366
1.576000 1.431362
1.578000 1.429076
1.580000 1.429328
1.582000 1.431692
1.584000 1.436249
1.586000 1.435045
1.588000 1.432063
1.590000 1.429684
1.592000 1.424192
1.594000 1.420215
1.596000 1.428885
1.598000 1.436026
1.600000 1.447521
1.602000 1.459760
1.604000 1.469814
1.606000 1.476386
1.608000 1.479119
1.610000 1.484841
1.612000 1.472234
1.614000 1.465094
1.616000 1.466140
1.618000 1.473096
1.620000 1.465679
1.622000 1.464567
1.624000 1.467929
1.626000 1.473525
1.628000 1.481532
1.630000 1.478295
1.632000 1.478435
1.634000 1.490108
1.636000 1.489430
1.638000 1.488639
1.640000 1.485448
1.642000 1.500592
1.644000 1.510776
1.646000 1.511987
1.648000 1.518773
1.650000 1.530043
1.652000 1.528181
1.654000 1.527127
1.656000 1.519718
1.658000 1.529030
1.660000 1.524893
1.662000 1.521264
1.664000 1.526937
1.666000 1.537690
1.668000 1.523428
1.670000 1.523214
1.672000 1.524595
1.674000 1.525012
1.676000 1.529273
1.678000 1.522447
1.680000 1.526503
1.682000 1.536056
1.684000 1.548042
1.686000 1.554874
1.688000 1.549707
1.690000 1.553658
1.692000 1.559058
1.694000 1.565710
1.696000 1.560106
1.698000 1.563104
1.700000 1.564729
1.702000 1.564749
1.704000 1.560951
1.706000 1.571243
1.708000 1.572894
1.710000 1.569334
1.712000 1.567298
1.714000 1.569436
1.716000 1.577972
1.718000 1.583573
1.720000 1.584905
1.722000 1.588385
1.724000 1.583124
1.726000 1.585701
1.728000 1.592739
1.730000 1.590194
1.732000 1.592052
1.734000 1.598224
1.736000 1.596286
1.738000 1.599609
1.740000 1.595096
1.742000 1.598855
1.744000 1.600827
1.746000 1.613896
1.748000 1.615565
1.750000 1.618608
1.752000 1.622189
1.754000 1.624108
1.756000 1.622481
1.758000 1.627504
1.760000 1.623834
1.762000 1.626094
1.764000 1.632308
1.766000 1.640569
1.768000 1.642245
1.770000 1.628043
1.772000 1.629329
1.774000 1.648440
1.776000 1.654162
1.778000 1.654040
1.780000 1.648401
1.782000 1.647702
1.784000 1.645338
1.786000 1.649645
1.788000 1.650097
1.790000 1.654467
1.792000 1.655256
1.794000 1.655907
1.796000 1.665284
1.798000 1.663037
1.800000 1.669025
1.802000 1.667350
1.804000 1.666105
1.806000 1.669005
1.808000 1.667417
1.810000 1.681691
1.812000 1.696244
1.814000 1.707768
1.816000 1.709305
1.818000 1.703170
1.820000 1.703021
1.822000 1.706064
1.824000 1.704132
1.826000 1.696984
1.828000 1.683378
1.830000 1.684276
1.832000 1.675815
1.834000 1.681731
1.836000 1.682774
1.838000 1.701194
1.840000 1.706912
1.842000 1.710488
1.844000 1.712676
1.846000 1.715637
1.848000 1.718425
1.850000 1.725504
1.852000 1.737387
1.854000 1.748250
1.856000 1.747343
1.858000 1.747471
1.860000 1.746954
1.862000 1.748866
1.864000 1.740845
1.866000 1.731857
1.868000 1.741271
1.870000 1.739643
1.872000 1.742465
1.874000 1.752466
1.876000 1.758865
1.878000 1.756074
1.880000 1.756637
1.882000 1.752459
1.884000 1.746725
1.886000 1.758750
1.888000 1.768514
1.890000 1.774237
1.892000 1.769389
1.894000 1.765167
1.896000 1.765753
1.898000 1.767168
1.900000 1.780228
1.902000 1.789651
1.904000 1.795564
1.906000 1.791781
1.908000 1.801405
1.910000 1.803478
1.912000 1.795273
1.914000 1.791531
1.916000 1.787791
1.918000 1.780905
1.920000 1.782320
1.922000 1.785423
1.924000 1.797630
1.926000 1.810684
1.928000 1.811097
1.930000 1.813612
1.932000 1.821756
1.934000 1.825185
1.936000 1.825060
1.938000 1.831581
1.940000 1.830341
1.942000 1.831383
1.944000 1.826130
1.946000 1.831789
1.948000 1.833175
1.950000 1.819821
1.952000 1.808986
1.954000 1.817693
1.956000 1.822949
1.958000 1.835495
1.960000 1.839086
1.962000 1.833286
1.964000 1.844608
1.966000 1.855824
1.968000 1.853762
1.970000 1.858605
1.972000 1.873220
1.974000 1.884208
1.976000 1.883579
1.978000 1.880385
1.980000 1.867912
1.982000 1.858884
1.984000 1.850760
1.986000 1.847516
1.988000 1.849147
1.990000 1.858323
1.992000 1.856988
1.994000 1.862669
1.996000 1.871017
1.998000 1.889082
