0.000000 -0.000065
0.002000 -0.005285
0.004000 -0.002449
0.006000 -0.004435
0.008000 -0.005019
0.010000 -0.002268
0.012000 -0.002375
0.014000 -0.000406
0.016000 0.000229
0.018000 -0.000471
0.020000 0.001995
0.022000 0.004545
0.024000 0.007416
0.026000 0.009059
0.028000 0.012752
0.030000 0.016169
0.032000 0.017363
0.034000 0.018756
0.036000 0.020640
0.038000 0.023364
0.040000 0.026530
0.042000 0.028406
0.044000 0.029510
0.046000 0.030492
0.048000 0.031486
0.050000 0.032486
0.052000 0.033493
0.054000 0.034510
0.056000 0.035528
0.058000 0.038147
0.060000 0.041132
0.062000 0.044302
0.064000 0.045977
0.066000 0.046295
0.068000 0.048014
0.070000 0.050150
0.072000 0.050412
0.074000 0.052054
0.076000 0.053009
0.078000 0.053669
0.080000 0.055402
0.082000 0.054412
0.084000 0.054873
0.086000 0.055885
0.088000 0.056142
0.090000 0.056678
0.092000 0.057722
0.094000 0.058038
0.096000 0.060175
0.098000 0.061873
0.100000 0.063252
0.102000 0.063723
0.104000 0.064021
0.106000 0.065635
0.108000 0.065679
0.110000 0.065797
0.112000 0.067316
0.114000 0.067501
0.116000 0.067827
0.118000 0.069587
0.120000 0.071184
0.122000 0.071950
0.124000 0.072731
0.126000 0.072703
0.128000 0.072745
0.130000 0.073932
0.132000 0.074454
0.134000 0.074508
0.136000 0.075534
0.138000 0.076130
0.140000 0.076675
0.142000 0.078695
0.144000 0.079100
0.146000 0.079101
0.148000 0.080652
0.150000 0.080585
0.152000 0.080863
0.154000 0.083337
0.156000 0.083429
0.158000 0.084795
0.160000 0.086152
0.162000 0.085878
0.164000 0.085697
0.166000 0.087119
0.168000 0.087043
0.170000 0.086932
0.172000 0.090265
0.174000 0.090911
0.176000 0.091862
0.178000 0.093559
0.180000 0.095661
0.182000 0.097195
0.184000 0.097254
0.186000 0.096550
0.188000 0.096614
0.190000 0.096153
0.192000 0.095716
0.194000 0.095375
0.196000 0.096472
0.198000 0.096584
0.200000 0.096312
0.202000 0.096116
0.204000 0.095992
0.206000 0.097435
0.208000 0.098388
0.210000 0.099625
0.212000 0.100580
0.214000 0.102072
0.216000 0.103553
0.218000 0.105119
0.220000 0.105426
0.222000 0.104798
0.224000 0.104294
0.226000 0.104928
0.228000 0.106392
0.230000 0.107397
0.232000 0.107194
0.234000 0.110009
0.236000 0.112568
0.238000 0.113352
0.240000 0.114608
0.242000 0.114489
0.244000 0.113876
0.246000 0.115400
0.248000 0.115385
0.250000 0.114389
0.252000 0.113533
0.254000 0.113473
0.256000 0.118023
0.258000 0.118819
0.260000 0.118417
0.262000 0.119215
0.264000 0.120003
0.266000 0.118979
0.268000 0.119503
0.270000 0.120179
0.272000 0.121605
0.274000 0.122355
0.276000 0.123718
0.278000 0.128570
0.280000 0.128673
0.282000 0.128073
0.284000 0.126872
0.286000 0.125904
0.288000 0.126472
0.290000 0.128119
0.292000 0.128568
0.294000 0.127317
0.296000 0.127633
0.298000 0.127708
0.300000 0.128416
0.302000 0.130397
0.304000 0.129156
0.306000 0.130186
0.308000 0.133802
0.310000 0.136308
0.312000 0.134383
0.314000 0.133840
0.316000 0.132145
0.318000 0.130373
0.320000 0.129243
0.322000 0.130566
0.324000 0.132084
0.326000 0.132074
0.328000 0.131560
0.330000 0.130346
0.332000 0.134085
0.334000 0.132826
0.336000 0.131757
0.338000 0.129950
0.340000 0.129080
0.342000 0.130143
0.344000 0.130140
0.346000 0.128844
0.348000 0.128844
0.350000 0.129551
0.352000 0.131665
0.354000 0.132337
0.356000 0.130844
0.358000 0.129522
0.360000 0.128366
0.362000 0.127355
0.364000 0.126473
0.366000 0.125776
0.368000 0.129334
0.370000 0.129438
0.372000 0.130518
0.374000 0.133671
0.376000 0.135986
0.378000 0.135709
0.380000 0.135478
0.382000 0.137972
0.384000 0.139396
0.386000 0.139133
0.388000 0.140557
0.390000 0.145075
0.392000 0.144242
0.394000 0.145679
0.396000 0.145638
0.398000 0.143249
0.400000 0.142323
0.402000 0.140261
0.404000 0.139080
0.406000 0.138296
0.408000 0.138884
0.410000 0.139247
0.412000 0.139627
0.414000 0.138662
0.416000 0.138904
0.418000 0.138528
0.420000 0.137568
0.422000 0.138273
0.424000 0.137244
0.426000 0.136932
0.428000 0.135901
0.430000 0.135134
0.432000 0.136724
0.434000 0.138315
0.436000 0.136622
0.438000 0.134991
0.440000 0.134772
0.442000 0.138485
0.444000 0.140011
0.446000 0.141627
0.448000 0.141012
0.450000 0.142299
0.452000 0.143653
0.454000 0.145167
0.456000 0.143607
0.458000 0.143235
0.460000 0.144803
0.462000 0.147157
0.464000 0.145111
0.466000 0.142766
0.468000 0.140651
0.470000 0.139652
0.472000 0.138358
0.474000 0.138335
0.476000 0.139855
0.478000 0.145006
0.480000 0.146502
0.482000 0.146408
0.484000 0.146874
0.486000 0.150516
0.488000 0.151569
0.490000 0.150419
0.492000 0.150002
0.494000 0.150297
0.496000 0.156223
0.498000 0.159544
0.500000 0.159389
0.502000 0.162139
0.504000 0.164196
0.506000 0.162290
0.508000 0.162449
0.510000 0.159511
0.512000 0.156570
0.514000 0.157702
0.516000 0.158763
0.518000 0.160601
0.520000 0.159235
0.522000 0.157072
0.524000 0.155661
0.526000 0.154928
0.528000 0.153517
0.530000 0.150789
0.532000 0.148294
0.534000 0.146373
0.536000 0.147401
0.538000 0.148087
0.540000 0.150441
0.542000 0.152968
0.544000 0.152528
0.546000 0.154266
0.548000 0.152950
0.550000 0.152274
0.552000 0.153061
0.554000 0.153617
0.556000 0.154506
0.558000 0.155440
0.560000 0.161929
0.562000 0.161651
0.564000 0.159712
0.566000 0.160909
0.568000 0.160444
0.570000 0.159177
0.572000 0.161197
0.574000 0.165686
0.576000 0.169171
0.578000 0.170863
0.580000 0.169514
0.582000 0.170129
0.584000 0.170505
0.586000 0.174529
0.588000 0.174442
0.590000 0.175141
0.592000 0.174738
0.594000 0.179376
0.596000 0.180902
0.598000 0.182290
0.600000 0.180053
0.602000 0.180924
0.604000 0.181433
0.606000 0.179196
0.608000 0.183522
0.610000 0.189598
0.612000 0.191915
0.614000 0.194023
0.616000 0.191750
0.618000 0.191708
0.620000 0.189662
0.622000 0.190240
0.624000 0.191199
0.626000 0.193848
0.628000 0.197897
0.630000 0.201666
0.632000 0.203711
0.634000 0.201569
0.636000 0.200381
0.638000 0.204157
0.640000 0.206660
0.642000 0.206680
0.644000 0.208097
0.646000 0.207273
0.648000 0.205613
0.650000 0.203592
0.652000 0.204912
0.654000 0.210311
0.656000 0.214268
0.658000 0.218924
0.660000 0.219108
0.662000 0.220231
0.664000 0.223808
0.666000 0.225318
0.668000 0.230506
0.670000 0.234407
0.672000 0.232929
0.674000 0.235691
0.676000 0.234490
0.678000 0.237042
0.680000 0.238908
0.682000 0.240112
0.684000 0.246695
0.686000 0.248165
0.688000 0.244293
0.690000 0.243334
0.692000 0.243520
0.694000 0.246476
0.696000 0.247500
0.698000 0.250982
0.700000 0.249910
0.702000 0.248648
0.704000 0.251101
0.706000 0.252116
0.708000 0.253463
0.710000 0.255234
0.712000 0.256618
0.714000 0.261161
0.716000 0.258869
0.718000 0.263460
0.720000 0.268393
0.722000 0.272721
0.724000 0.272587
0.726000 0.272738
0.728000 0.274639
0.730000 0.274541
0.732000 0.276892
0.734000 0.273362
0.736000 0.272216
0.738000 0.272780
0.740000 0.279419
0.742000 0.283866
0.744000 0.286440
0.746000 0.289037
0.748000 0.291491
0.750000 0.286516
0.752000 0.289487
0.754000 0.293839
0.756000 0.298049
0.758000 0.304997
0.760000 0.306287
0.762000 0.307626
0.764000 0.310143
0.766000 0.313127
0.768000 0.307958
0.770000 0.308980
0.772000 0.313646
0.774000 0.316650
0.776000 0.320260
0.778000 0.322112
0.780000 0.326488
0.782000 0.324289
0.784000 0.324317
0.786000 0.324478
0.788000 0.324533
0.790000 0.327526
0.792000 0.330672
0.794000 0.328310
0.796000 0.330722
0.798000 0.328783
0.800000 0.338685
0.802000 0.336785
0.804000 0.331430
0.806000 0.330567
0.808000 0.330309
0.810000 0.334410
0.812000 0.336984
0.814000 0.340096
0.816000 0.345842
0.818000 0.345379
0.820000 0.349083
0.822000 0.351463
0.824000 0.354517
0.826000 0.359626
0.828000 0.360839
0.830000 0.359459
0.832000 0.362121
0.834000 0.369556
0.836000 0.377920
0.838000 0.377395
0.840000 0.382441
0.842000 0.386225
0.844000 0.391836
0.846000 0.397177
0.848000 0.396790
0.850000 0.398748
0.852000 0.397145
0.854000 0.396281
0.856000 0.399703
0.858000 0.402294
0.860000 0.401873
0.862000 0.400123
0.864000 0.401895
0.866000 0.408091
0.868000 0.410994
0.870000 0.409016
0.872000 0.408025
0.874000 0.417350
0.876000 0.420544
0.878000 0.426144
0.880000 0.428926
0.882000 0.424350
0.884000 0.430810
0.886000 0.431565
0.888000 0.444151
0.890000 0.449136
0.892000 0.447658
0.894000 0.453252
0.896000 0.460476
0.898000 0.459227
0.900000 0.456215
0.902000 0.458562
0.904000 0.461329
0.906000 0.462165
0.908000 0.467117
0.910000 0.469840
0.912000 0.466648
0.914000 0.474072
0.916000 0.486651
0.918000 0.488668
0.920000 0.489282
0.922000 0.495527
0.924000 0.501488
0.926000 0.508001
0.928000 0.514533
0.930000 0.515054
0.932000 0.517192
0.934000 0.512654
0.936000 0.508028
0.938000 0.505353
0.940000 0.508492
0.942000 0.508401
0.944000 0.517180
0.946000 0.533062
0.948000 0.539868
0.950000 0.542476
0.952000 0.549415
0.954000 0.548606
0.956000 0.549088
0.958000 0.555363
0.960000 0.560095
0.962000 0.569793
0.964000 0.578798
0.966000 0.581903
0.968000 0.586671
0.970000 0.598567
0.972000 0.604287
0.974000 0.605823
0.976000 0.603558
0.978000 0.603552
0.980000 0.597319
0.982000 0.601611
0.984000 0.603025
0.986000 0.604767
0.988000 0.602850
0.990000 0.609848
0.992000 0.614334
0.994000 0.615018
0.996000 0.614980
0.998000 0.626491
1.000000 0.640301
1.002000 0.638855
1.004000 0.653202
1.006000 0.658439
1.008000 0.659037
1.010000 0.650962
1.012000 0.659206
1.014000 0.660508
1.016000 0.661913
1.018000 0.673170
1.020000 0.674648
1.022000 0.674553
1.024000 0.675359
1.026000 0.675958
1.028000 0.665878
1.030000 0.663995
1.032000 0.668602
1.034000 0.672798
1.036000 0.681841
1.038000 0.677125
1.040000 0.678615
1.042000 0.689896
1.044000 0.698926
1.046000 0.700938
1.048000 0.706351
1.050000 0.705941
1.052000 0.708060
1.054000 0.710847
1.056000 0.706333
1.058000 0.698132
1.060000 0.694059
1.062000 0.699039
1.064000 0.709286
1.066000 0.713749
1.068000 0.722254
1.070000 0.730529
1.072000 0.742265
1.074000 0.748969
1.076000 0.741558
1.078000 0.736944
1.080000 0.740122
1.082000 0.736367
1.084000 0.731690
1.086000 0.736203
1.088000 0.738275
1.090000 0.736000
1.092000 0.738476
1.094000 0.732511
1.096000 0.743141
1.098000 0.750100
1.100000 0.751024
1.102000 0.751592
1.104000 0.749273
1.106000 0.760556
1.108000 0.770270
1.110000 0.781836
1.112000 0.783619
1.114000 0.792874
1.116000 0.795750
1.118000 0.804127
1.120000 0.809543
1.122000 0.815094
1.124000 0.807802
1.126000 0.806386
1.128000 0.803748
1.130000 0.799280
1.132000 0.799294
1.134000 0.799504
1.136000 0.793988
1.138000 0.790254
1.140000 0.806569
1.142000 0.818841
1.144000 0.820066
1.146000 0.826699
1.148000 0.826503
1.150000 0.832382
1.152000 0.827079
1.154000 0.827757
1.156000 0.835605
1.158000 0.839744
1.160000 0.846695
1.162000 0.849376
1.164000 0.850034
1.166000 0.847249
1.168000 0.851313
1.170000 0.865298
1.172000 0.863195
1.174000 0.867070
1.176000 0.874538
1.178000 0.873153
1.180000 0.879272
1.182000 0.880982
1.184000 0.881776
1.186000 0.879295
1.188000 0.876218
1.190000 0.878155
1.192000 0.882094
1.194000 0.889897
1.196000 0.893232
1.198000 0.893226
1.200000 0.887229
1.202000 0.879301
1.204000 0.887954
1.206000 0.885343
1.208000 0.885361
1.210000 0.894944
1.212000 0.909781
1.214000 0.904596
1.216000 0.915590
1.218000 0.917295
1.220000 0.911930
1.222000 0.917329
1.224000 0.924525
1.226000 0.928809
1.228000 0.937247
1.230000 0.937152
1.232000 0.945282
1.234000 0.942404
1.236000 0.937740
1.238000 0.929355
1.240000 0.921814
1.242000 0.926901
1.244000 0.928385
1.246000 0.927514
1.248000 0.934395
1.250000 0.939850
1.252000 0.948293
1.254000 0.960210
1.256000 0.954070
1.258000 0.960908
1.260000 0.964994
1.262000 0.966348
1.264000 0.965563
1.266000 0.966288
1.268000 0.975562
1.270000 0.980412
1.272000 0.987684
1.274000 0.986792
1.276000 0.984716
1.278000 0.994033
1.280000 0.995333
1.282000 0.994327
1.284000 0.996082
1.286000 1.011791
1.288000 1.014315
1.290000 1.002128
1.292000 0.994083
1.294000 0.990937
1.296000 0.993845
1.298000 0.993905
1.300000 0.997793
1.302000 1.002450
1.304000 1.021245
1.306000 1.026642
1.308000 1.030507
1.310000 1.032938
1.312000 1.032011
1.314000 1.037550
1.316000 1.035707
1.318000 1.031231
1.320000 1.033599
1.322000 1.027380
1.324000 1.034816
1.326000 1.034278
1.328000 1.046834
1.330000 1.045489
1.332000 1.045070
1.334000 1.057141
1.336000 1.059850
1.338000 1.064077
1.340000 1.063601
1.342000 1.056321
1.344000 1.048019
1.346000 1.046264
1.348000 1.051611
1.350000 1.046532
1.352000 1.058962
1.354000 1.062967
1.356000 1.058229
1.358000 1.068658
1.360000 1.064583
1.362000 1.069592
1.364000 1.078422
1.366000 1.103558
1.368000 1.106109
1.370000 1.101813
1.372000 1.104360
1.374000 1.105758
1.376000 1.102497
1.378000 1.099524
1.380000 1.099700
1.382000 1.109840
1.384000 1.116384
1.386000 1.112133
1.388000 1.111754
1.390000 1.115538
1.392000 1.115324
1.394000 1.110401
1.396000 1.113504
1.398000 1.129333
1.400000 1.125729
1.402000 1.123713
1.404000 1.131059
1.406000 1.131941
1.408000 1.146309
1.410000 1.158478
1.412000 1.155673
1.414000 1.154394
1.416000 1.147432
1.418000 1.151465
1.420000 1.145628
1.422000 1.142065
1.424000 1.141636
1.426000 1.146017
1.428000 1.160778
1.430000 1.167998
1.432000 1.166823
1.434000 1.161610
1.436000 1.166529
1.438000 1.162940
1.440000 1.163615
1.442000 1.172088
1.444000 1.168851
1.446000 1.163805
1.448000 1.172419
1.450000 1.179382
1.452000 1.180576
1.454000 1.179354
1.456000 1.179113
1.458000 1.199689
1.460000 1.209686
1.462000 1.209227
1.464000 1.210232
1.466000 1.214454
1.468000 1.210657
1.470000 1.198408
1.472000 1.204462
1.474000 1.218442
1.476000 1.219889
1.478000 1.223263
1.480000 1.228035
1.482000 1.234597
1.484000 1.242322
1.486000 1.240695
1.488000 1.243025
1.490000 1.242465
1.492000 1.245980
1.494000 1.243463
1.496000 1.240792
1.498000 1.236949
1.500000 1.237648
1.502000 1.239241
1.504000 1.251349
1.506000 1.249205
1.508000 1.250326
1.510000 1.251986
1.512000 1.256767
1.514000 1.248205
1.516000 1.238271
1.518000 1.237781
1.520000 1.244484
1.522000 1.259223
1.524000 1.265227
1.526000 1.281440
1.528000 1.299218
1.530000 1.292974
1.532000 1.293104
1.534000 1.299827
1.536000 1.298834
1.538000 1.303092
1.540000 1.304095
1.542000 1.296770
1.544000 1.292359
1.546000 1.281416
1.548000 1.282119
1.550000 1.282406
1.552000 1.281076
1.554000 1.284266
1.556000 1.297797
1.558000 1.316448
1.560000 1.317102
1.562000 1.321280
1.564000 1.323235
1.566000 1.323168
1.568000 1.319943
1.570000 1.313321
1.572000 1.313236
1.574000 1.309336
1.576000 1.313226
1.578000 1.327538
1.580000 1.345741
1.582000 1.352761
1.584000 1.355284
1.586000 1.350325
1.588000 1.350212
1.590000 1.354702
1.592000 1.355880
1.594000 1.364354
1.596000 1.367805
1.598000 1.370337
1.600000 1.361134
1.602000 1.337258
1.604000 1.335537
1.606000 1.346690
1.608000 1.364882
1.610000 1.369054
1.612000 1.356896
1.614000 1.361773
1.616000 1.365230
1.618000 1.374431
1.620000 1.379566
1.622000 1.388151
1.624000 1.384467
1.626000 1.369830
1.628000 1.366060
1.630000 1.379291
1.632000 1.391847
1.634000 1.399931
1.636000 1.408127
1.638000 1.418963
1.640000 1.420100
1.642000 1.405317
1.644000 1.409201
1.646000 1.407135
1.648000 1.396792
1.650000 1.398891
1.652000 1.394089
1.654000 1.400638
1.656000 1.410944
1.658000 1.412081
1.660000 1.419149
1.662000 1.421765
1.664000 1.429373
1.666000 1.436598
1.668000 1.432661
1.670000 1.438048
1.672000 1.441678
1.674000 1.447027
1.676000 1.448596
1.678000 1.447846
1.680000 1.435749
1.682000 1.441154
1.684000 1.443308
1.686000 1.447022
1.688000 1.453912
1.690000 1.469626
1.692000 1.461377
1.694000 1.471093
1.696000 1.476133
1.698000 1.470606
1.700000 1.470526
1.702000 1.463807
1.704000 1.476943
1.706000 1.477843
1.708000 1.489847
1.710000 1.494121
1.712000 1.482076
1.714000 1.478821
1.716000 1.472391
1.718000 1.466000
1.720000 1.468022
1.722000 1.472069
1.724000 1.476120
1.726000 1.480902
1.728000 1.507958
1.730000 1.513480
1.732000 1.513090
1.734000 1.515900
1.736000 1.524597
1.738000 1.509028
1.740000 1.498824
1.742000 1.506882
1.744000 1.513554
1.746000 1.524007
1.748000 1.525341
1.750000 1.518267
1.752000 1.534311
1.754000 1.536720
1.756000 1.534273
1.758000 1.539421
1.760000 1.525557
1.762000 1.520704
1.764000 1.521569
1.766000 1.525696
1.768000 1.533823
1.770000 1.545807
1.772000 1.549668
1.774000 1.549679
1.776000 1.551788
1.778000 1.562616
1.780000 1.562871
1.782000 1.559851
1.784000 1.543964
1.786000 1.533095
1.788000 1.538284
1.790000 1.544311
1.792000 1.559522
1.794000 1.563970
1.796000 1.574396
1.798000 1.585596
1.800000 1.592829
1.802000 1.599036
1.804000 1.588597
1.806000 1.578890
1.808000 1.586215
1.810000 1.582276
1.812000 1.586096
1.814000 1.595049
1.816000 1.600212
1.818000 1.601860
1.820000 1.596464
1.822000 1.600272
1.824000 1.609099
1.826000 1.611225
1.828000 1.614410
1.830000 1.611298
1.832000 1.601856
1.834000 1.608551
1.836000 1.613273
1.838000 1.605175
1.840000 1.604159
1.842000 1.620663
1.844000 1.620148
1.846000 1.625923
1.848000 1.629133
1.850000 1.634109
1.852000 1.626033
1.854000 1.631876
1.856000 1.637091
1.858000 1.650533
1.860000 1.645541
1.862000 1.642058
1.864000 1.643383
1.866000 1.645357
1.868000 1.658394
1.870000 1.667951
1.872000 1.668328
1.874000 1.659970
1.876000 1.660735
1.878000 1.655657
1.880000 1.666476
1.882000 1.674826
1.884000 1.675767
1.886000 1.683455
1.888000 1.678186
1.890000 1.669973
1.892000 1.671745
1.894000 1.675627
1.896000 1.675402
1.898000 1.678710
1.900000 1.672236
1.902000 1.686657
1.904000 1.684387
1.906000 1.682701
1.908000 1.686897
1.910000 1.702693
1.912000 1.708048
1.914000 1.709828
1.916000 1.699251
1.918000 1.702578
1.920000 1.697603
1.922000 1.697239
1.924000 1.714772
1.926000 1.702152
1.928000 1.705733
1.930000 1.730716
1.932000 1.728482
1.934000 1.731516
1.936000 1.747259
1.938000 1.753198
1.940000 1.742214
1.942000 1.737336
1.944000 1.740024
1.946000 1.734091
1.948000 1.732710
1.950000 1.734754
1.952000 1.750491
1.954000 1.751740
1.956000 1.759120
1.958000 1.765942
1.960000 1.760987
1.962000 1.754458
1.964000 1.747367
1.966000 1.730153
1.968000 1.749227
1.970000 1.759412
1.972000 1.765399
1.974000 1.771196
1.976000 1.770819
1.978000 1.776934
1.980000 1.777510
1.982000 1.779467
1.984000 1.773657
1.986000 1.763716
1.988000 1.765061
1.990000 1.781211
1.992000 1.793444
1.994000 1.800333
1.996000 1.800631
1.998000 1.804123
