0.000000 -0.000043
0.002000 -0.002116
0.004000 -0.000115
0.006000 -0.001286
0.008000 -0.001165
0.010000 0.000842
0.012000 0.001366
0.014000 0.003235
0.016000 0.002261
0.018000 0.003038
0.020000 0.007046
0.022000 0.011388
0.024000 0.014687
0.026000 0.015498
0.028000 0.019074
0.030000 0.021202
0.032000 0.022262
0.034000 0.023558
0.036000 0.026016
0.038000 0.027787
0.040000 0.029275
0.042000 0.030566
0.044000 0.031816
0.046000 0.033659
0.048000 0.035067
0.050000 0.036180
0.052000 0.037284
0.054000 0.038698
0.056000 0.041110
0.058000 0.042177
0.060000 0.043930
0.062000 0.045215
0.064000 0.046077
0.066000 0.047106
0.068000 0.047234
0.070000 0.047840
0.072000 0.049218
0.074000 0.051422
0.076000 0.053106
0.078000 0.054964
0.080000 0.056814
0.082000 0.058733
0.084000 0.059875
0.086000 0.061135
0.088000 0.062065
0.090000 0.062789
0.092000 0.063304
0.094000 0.063843
0.096000 0.066013
0.098000 0.067277
0.100000 0.068596
0.102000 0.070103
0.104000 0.071017
0.106000 0.072903
0.108000 0.074487
0.110000 0.075491
0.112000 0.075679
0.114000 0.075907
0.116000 0.076173
0.118000 0.076472
0.120000 0.077607
0.122000 0.078152
0.124000 0.078465
0.126000 0.078806
0.128000 0.079851
0.130000 0.080304
0.132000 0.080672
0.134000 0.081805
0.136000 0.084701
0.138000 0.084899
0.140000 0.086042
0.142000 0.086310
0.144000 0.086813
0.146000 0.088579
0.148000 0.089799
0.150000 0.090661
0.152000 0.091595
0.154000 0.092533
0.156000 0.093204
0.158000 0.094271
0.160000 0.095394
0.162000 0.097131
0.164000 0.098600
0.166000 0.098924
0.168000 0.099260
0.170000 0.099125
0.172000 0.099041
0.174000 0.099597
0.176000 0.101854
0.178000 0.102501
0.180000 0.102330
0.182000 0.102210
0.184000 0.102136
0.186000 0.102400
0.188000 0.102660
0.190000 0.103635
0.192000 0.104387
0.194000 0.105880
0.196000 0.105861
0.198000 0.105774
0.200000 0.107257
0.202000 0.108015
0.204000 0.108229
0.206000 0.109499
0.208000 0.112036
0.210000 0.115673
0.212000 0.115513
0.214000 0.115444
0.216000 0.115217
0.218000 0.115426
0.220000 0.116414
0.222000 0.118173
0.224000 0.118401
0.226000 0.117985
0.228000 0.118870
0.230000 0.119962
0.232000 0.120052
0.234000 0.121490
0.236000 0.121025
0.238000 0.120495
0.240000 0.120601
0.242000 0.122956
0.244000 0.122372
0.246000 0.122135
0.248000 0.123885
0.250000 0.124305
0.252000 0.125203
0.254000 0.126803
0.256000 0.128910
0.258000 0.129999
0.260000 0.131653
0.262000 0.131461
0.264000 0.130726
0.266000 0.131926
0.268000 0.130982
0.270000 0.130587
0.272000 0.132648
0.274000 0.133499
0.276000 0.133992
0.278000 0.133303
0.280000 0.134000
0.282000 0.133774
0.284000 0.133560
0.286000 0.134183
0.288000 0.135959
0.290000 0.136542
0.292000 0.137044
0.294000 0.138290
0.296000 0.138018
0.298000 0.137976
0.300000 0.138758
0.302000 0.139396
0.304000 0.139956
0.306000 0.139378
0.308000 0.140138
0.310000 0.140978
0.312000 0.142334
0.314000 0.142925
0.316000 0.143068
0.318000 0.142485
0.320000 0.145018
0.322000 0.148596
0.324000 0.148370
0.326000 0.148107
0.328000 0.148266
0.330000 0.147517
0.332000 0.149076
0.334000 0.149036
0.336000 0.147629
0.338000 0.147307
0.340000 0.148752
0.342000 0.149028
0.344000 0.149554
0.346000 0.149579
0.348000 0.150294
0.350000 0.152383
0.352000 0.153821
0.354000 0.154781
0.356000 0.155535
0.358000 0.156524
0.360000 0.158943
0.362000 0.158347
0.364000 0.158530
0.366000 0.160513
0.368000 0.161574
0.370000 0.161919
0.372000 0.164185
0.374000 0.165303
0.376000 0.164175
0.378000 0.164036
0.380000 0.164517
0.382000 0.165477
0.384000 0.165181
0.386000 0.163483
0.388000 0.165554
0.390000 0.165497
0.392000 0.166533
0.394000 0.169908
0.396000 0.170869
0.398000 0.171584
0.400000 0.174219
0.402000 0.176660
0.404000 0.179449
0.406000 0.182933
0.408000 0.183450
0.410000 0.185092
0.412000 0.189821
0.414000 0.192769
0.416000 0.193164
0.418000 0.195075
0.420000 0.195549
0.422000 0.195388
0.424000 0.195448
0.426000 0.196384
0.428000 0.201732
0.430000 0.203593
0.432000 0.205136
0.434000 0.205431
0.436000 0.204300
0.438000 0.204841
0.440000 0.204961
0.442000 0.208952
0.444000 0.209274
0.446000 0.210483
0.448000 0.209220
0.450000 0.207368
0.452000 0.209657
0.454000 0.212903
0.456000 0.214825
0.458000 0.217205
0.460000 0.218370
0.462000 0.222805
0.464000 0.221547
0.466000 0.220970
0.468000 0.226394
0.470000 0.230230
0.472000 0.230233
0.474000 0.232276
0.476000 0.232796
0.478000 0.237027
0.480000 0.237959
0.482000 0.239814
0.484000 0.241418
0.486000 0.239487
0.488000 0.241262
0.490000 0.242730
0.492000 0.243341
0.494000 0.243072
0.496000 0.240238
0.498000 0.241741
0.500000 0.244731
0.502000 0.243539
0.504000 0.241945
0.506000 0.241950
0.508000 0.244665
0.510000 0.247180
0.512000 0.249430
0.514000 0.253120
0.516000 0.255369
0.518000 0.260301
0.520000 0.263852
0.522000 0.264435
0.524000 0.264197
0.526000 0.267469
0.528000 0.270031
0.530000 0.273524
0.532000 0.276431
0.534000 0.278511
0.536000 0.280201
0.538000 0.286132
0.540000 0.288947
0.542000 0.289329
0.544000 0.292722
0.546000 0.300820
0.548000 0.302611
0.550000 0.303562
0.552000 0.305473
0.554000 0.314759
0.556000 0.315307
0.558000 0.316288
0.560000 0.323621
0.562000 0.327801
0.564000 0.332107
0.566000 0.332340
0.568000 0.335993
0.570000 0.334929
0.572000 0.335385
0.574000 0.339978
0.576000 0.345692
0.578000 0.347403
0.580000 0.350834
0.582000 0.352639
0.584000 0.357457
0.586000 0.356397
0.588000 0.358749
0.590000 0.360555
0.592000 0.357960
0.594000 0.357619
0.596000 0.367998
0.598000 0.374266
0.600000 0.376302
0.602000 0.376382
0.604000 0.379977
0.606000 0.382734
0.608000 0.390973
0.610000 0.397748
0.612000 0.397400
0.614000 0.401684
0.616000 0.406062
0.618000 0.412414
0.620000 0.419797
0.622000 0.421565
0.624000 0.424537
0.626000 0.431307
0.628000 0.430717
0.630000 0.431370
0.632000 0.432651
0.634000 0.437563
0.636000 0.439080
0.638000 0.441107
0.640000 0.441936
0.642000 0.441851
0.644000 0.441573
0.646000 0.445565
0.648000 0.451390
0.650000 0.453929
0.652000 0.461359
0.654000 0.464487
0.656000 0.471468
0.658000 0.474684
0.660000 0.476452
0.662000 0.479403
0.664000 0.479095
0.666000 0.486262
0.668000 0.485628
0.670000 0.486168
0.672000 0.489803
0.674000 0.486905
0.676000 0.483144
0.678000 0.481338
0.680000 0.485947
0.682000 0.491646
0.684000 0.489586
0.686000 0.491924
0.688000 0.495526
0.690000 0.496321
0.692000 0.499709
0.694000 0.505434
0.696000 0.512984
0.698000 0.520784
0.700000 0.520244
0.702000 0.520633
0.704000 0.527508
0.706000 0.533475
0.708000 0.535523
0.710000 0.533768
0.712000 0.535081
0.714000 0.535971
0.716000 0.534471
0.718000 0.541257
0.720000 0.549127
0.722000 0.556696
0.724000 0.562677
0.726000 0.563195
0.728000 0.560957
0.730000 0.559941
0.732000 0.562701
0.734000 0.560652
0.736000 0.557642
0.738000 0.553199
0.740000 0.553008
0.742000 0.552604
0.744000 0.554347
0.746000 0.555954
0.748000 0.559328
0.750000 0.567402
0.752000 0.571177
0.754000 0.574142
0.756000 0.576382
0.758000 0.575750
0.760000 0.578410
0.762000 0.578564
0.764000 0.584193
0.766000 0.583416
0.768000 0.585551
0.770000 0.587958
0.772000 0.599444
0.774000 0.603521
0.776000 0.611805
0.778000 0.617468
0.780000 0.624441
0.782000 0.631516
0.784000 0.635195
0.786000 0.635545
0.788000 0.632450
0.790000 0.628448
0.792000 0.623911
0.794000 0.622690
0.796000 0.623228
0.798000 0.628731
0.800000 0.633874
0.802000 0.634653
0.804000 0.629840
0.806000 0.627372
0.808000 0.641165
0.810000 0.646474
0.812000 0.649499
0.814000 0.650261
0.816000 0.648181
0.818000 0.649638
0.820000 0.657539
0.822000 0.662108
0.824000 0.667367
0.826000 0.667317
0.828000 0.668538
0.830000 0.664433
0.832000 0.667730
0.834000 0.674780
0.836000 0.677898
0.838000 0.680417
0.840000 0.679227
0.842000 0.680853
0.844000 0.679683
0.846000 0.686099
0.848000 0.685941
0.850000 0.681596
0.852000 0.685534
0.854000 0.689674
0.856000 0.692145
0.858000 0.698262
0.860000 0.703441
0.862000 0.706342
0.864000 0.709852
0.866000 0.712611
0.868000 0.720469
0.870000 0.720238
0.872000 0.721065
0.874000 0.724876
0.876000 0.728904
0.878000 0.725662
0.880000 0.731660
0.882000 0.727522
0.884000 0.722115
0.886000 0.718837
0.888000 0.720769
0.890000 0.724375
0.892000 0.729315
0.894000 0.736799
0.896000 0.738255
0.898000 0.738087
0.900000 0.737749
0.902000 0.746225
0.904000 0.753061
0.906000 0.753193
0.908000 0.753181
0.910000 0.758059
0.912000 0.758932
0.914000 0.766382
0.916000 0.767287
0.918000 0.766526
0.920000 0.768350
0.922000 0.771860
0.924000 0.778555
0.926000 0.776196
0.928000 0.779470
0.930000 0.778884
0.932000 0.776080
0.934000 0.777317
0.936000 0.778222
0.938000 0.783335
0.940000 0.782323
0.942000 0.785362
0.944000 0.796179
0.946000 0.797553
0.948000 0.796514
0.950000 0.799441
0.952000 0.803390
0.954000 0.809731
0.956000 0.819061
0.958000 0.814950
0.960000 0.813086
0.962000 0.818414
0.964000 0.825158
0.966000 0.821691
0.968000 0.816901
0.970000 0.815167
0.972000 0.818014
0.974000 0.819464
0.976000 0.824609
0.978000 0.829061
0.980000 0.833513
0.982000 0.839259
0.984000 0.842532
0.986000 0.839220
0.988000 0.849478
0.990000 0.858395
0.992000 0.858255
0.994000 0.859344
0.996000 0.861023
0.998000 0.865099
1.000000 0.863455
1.002000 0.859957
1.004000 0.859602
1.006000 0.859000
1.008000 0.857574
1.010000 0.857620
1.012000 0.860660
1.014000 0.866853
1.016000 0.868609
1.018000 0.876744
1.020000 0.874694
1.022000 0.876538
1.024000 0.875260
1.026000 0.875404
1.028000 0.879032
1.030000 0.879478
1.032000 0.887017
1.034000 0.894323
1.036000 0.898687
1.038000 0.905979
1.040000 0.903043
1.042000 0.900739
1.044000 0.901343
1.046000 0.894491
1.048000 0.884969
1.050000 0.886291
1.052000 0.893143
1.054000 0.897145
1.056000 0.903216
1.058000 0.910766
1.060000 0.916497
1.062000 0.919460
1.064000 0.922981
1.066000 0.925226
1.068000 0.927852
1.070000 0.934231
1.072000 0.940662
1.074000 0.951254
1.076000 0.954233
1.078000 0.952529
1.080000 0.951430
1.082000 0.954014
1.084000 0.950508
1.086000 0.947560
1.088000 0.946293
1.090000 0.944033
1.092000 0.941695
1.094000 0.940525
1.096000 0.944632
1.098000 0.953189
1.100000 0.960736
1.102000 0.968767
1.104000 0.968659
1.106000 0.967946
1.108000 0.977767
1.110000 0.984779
1.112000 0.984843
1.114000 0.984850
1.116000 0.990737
1.118000 0.994449
1.120000 0.994807
1.122000 0.990807
1.124000 0.984273
1.126000 0.984666
1.128000 0.976019
1.130000 0.981521
1.132000 0.981943
1.134000 0.985853
1.136000 0.990545
1.138000 0.995591
1.140000 1.002666
1.142000 1.010997
1.144000 1.019646
1.146000 1.021845
1.148000 1.026283
1.150000 1.028584
1.152000 1.033093
1.154000 1.031016
1.156000 1.029755
1.158000 1.027677
1.160000 1.023914
1.162000 1.023527
1.164000 1.024430
1.166000 1.028131
1.168000 1.023508
1.170000 1.021946
1.172000 1.024497
1.174000 1.036549
1.176000 1.046358
1.178000 1.048636
1.180000 1.049842
1.182000 1.050763
1.184000 1.051402
1.186000 1.052817
1.188000 1.060703
1.190000 1.061233
1.192000 1.053817
1.194000 1.052958
1.196000 1.049283
1.198000 1.049260
1.200000 1.053474
1.202000 1.055675
1.204000 1.064360
1.206000 1.068306
1.208000 1.075867
1.210000 1.086814
1.212000 1.089844
1.214000 1.095605
1.216000 1.097865
1.218000 1.102644
1.220000 1.100935
1.222000 1.093116
1.224000 1.091783
1.226000 1.090108
1.228000 1.097113
1.230000 1.100690
1.232000 1.096771
1.234000 1.090657
1.236000 1.093853
1.238000 1.102435
1.240000 1.105825
1.242000 1.109985
1.244000 1.118009
1.246000 1.115567
1.248000 1.114258
1.250000 1.126064
1.252000 1.135784
1.254000 1.131711
1.256000 1.133690
1.258000 1.133211
1.260000 1.130199
1.262000 1.132373
1.264000 1.130454
1.266000 1.135940
1.268000 1.135024
1.270000 1.139616
1.272000 1.140838
1.274000 1.148438
1.276000 1.163308
1.278000 1.165870
1.280000 1.157102
1.282000 1.153906
1.284000 1.151733
1.286000 1.158212
1.288000 1.152061
1.290000 1.152128
1.292000 1.157911
1.294000 1.166190
1.296000 1.174263
1.298000 1.182074
1.300000 1.181215
1.302000 1.186247
1.304000 1.185110
1.306000 1.187880
1.308000 1.191143
1.310000 1.191127
1.312000 1.194463
1.314000 1.198095
1.316000 1.197904
1.318000 1.195463
1.320000 1.199892
1.322000 1.204192
1.324000 1.202824
1.326000 1.201203
1.328000 1.196036
1.330000 1.202360
1.332000 1.201195
1.334000 1.200844
1.336000 1.210095
1.338000 1.211053
1.340000 1.212301
1.342000 1.206757
1.344000 1.206268
1.346000 1.203750
1.348000 1.218002
1.350000 1.220391
1.352000 1.229455
1.354000 1.237406
1.356000 1.240576
1.358000 1.243199
1.360000 1.247399
1.362000 1.246110
1.364000 1.244190
1.366000 1.247549
1.368000 1.246690
1.370000 1.246277
1.372000 1.249935
1.374000 1.250546
1.376000 1.254656
1.378000 1.255092
1.380000 1.260637
1.382000 1.266683
1.384000 1.271017
1.386000 1.274497
1.388000 1.276589
1.390000 1.276262
1.392000 1.275968
1.394000 1.278913
1.396000 1.283182
1.398000 1.284443
1.400000 1.282220
1.402000 1.282015
1.404000 1.276528
1.406000 1.280613
1.408000 1.289733
1.410000 1.296067
1.412000 1.301377
1.414000 1.302582
1.416000 1.311914
1.418000 1.305552
1.420000 1.301388
1.422000 1.297151
1.424000 1.300713
1.426000 1.304041
1.428000 1.306621
1.430000 1.306818
1.432000 1.311607
1.434000 1.318477
1.436000 1.322771
1.438000 1.329906
1.440000 1.333783
1.442000 1.335035
1.444000 1.338313
1.446000 1.334031
1.448000 1.336566
1.450000 1.325106
1.452000 1.323090
1.454000 1.324573
1.456000 1.335042
1.458000 1.341434
1.460000 1.348230
1.462000 1.355891
1.464000 1.365131
1.466000 1.359990
1.468000 1.355524
1.470000 1.353256
1.472000 1.356616
1.474000 1.358972
1.476000 1.360721
1.478000 1.354206
1.480000 1.357387
1.482000 1.357155
1.484000 1.360314
1.486000 1.367199
1.488000 1.374710
1.490000 1.383523
1.492000 1.387269
1.494000 1.392735
1.496000 1.395975
1.498000 1.390011
1.500000 1.386182
1.502000 1.377910
1.504000 1.380354
1.506000 1.382306
1.508000 1.388411
1.510000 1.394528
1.512000 1.400327
1.514000 1.408488
1.516000 1.412877
1.518000 1.419591
1.520000 1.424994
1.522000 1.425753
1.524000 1.424644
1.526000 1.422869
1.528000 1.415036
1.530000 1.420742
1.532000 1.419015
1.534000 1.419109
1.536000 1.416997
1.538000 1.422281
1.540000 1.432820
1.542000 1.434392
1.544000 1.427496
1.546000 1.428275
1.548000 1.435297
1.550000 1.444943
1.552000 1.447890
1.554000 1.444489
1.556000 1.446843
1.558000 1.447147
1.560000 1.452815
1.562000 1.455696
1.564000 1.452972
1.566000 1.453872
1.568000 1.450326
1.570000 1.450753
1.572000 1.458635
1.574000 1.460171
1.576000 1.466369
1.578000 1.473495
1.580000 1.469747
1.582000 1.465309
1.584000 1.474009
1.586000 1.483104
1.588000 1.487238
1.590000 1.480835
1.592000 1.475742
1.594000 1.470831
1.596000 1.480310
1.598000 1.489091
1.600000 1.487204
1.602000 1.485452
1.604000 1.499282
1.606000 1.507144
1.608000 1.512597
1.610000 1.509831
1.612000 1.509086
1.614000 1.504708
1.616000 1.495678
1.618000 1.494702
1.620000 1.499635
1.622000 1.499666
1.624000 1.501135
1.626000 1.509186
1.628000 1.512725
1.630000 1.527806
1.632000 1.531704
1.634000 1.533131
1.636000 1.542467
1.638000 1.549131
1.640000 1.544179
1.642000 1.537838
1.644000 1.529434
1.646000 1.533321
1.648000 1.547689
1.650000 1.556526
1.652000 1.561863
1.654000 1.557670
1.656000 1.555516
1.658000 1.551174
1.660000 1.543514
1.662000 1.551152
1.664000 1.553897
1.666000 1.553888
1.668000 1.557709
1.670000 1.561454
1.672000 1.567637
1.674000 1.569483
1.676000 1.570615
1.678000 1.579209
1.680000 1.586501
1.682000 1.584053
1.684000 1.583162
1.686000 1.575876
1.688000 1.582725
1.690000 1.582184
1.692000 1.583346
1.694000 1.600028
1.696000 1.609519
1.698000 1.611949
1.700000 1.611069
1.702000 1.606257
1.704000 1.614051
1.706000 1.612274
1.708000 1.609109
1.710000 1.607421
1.712000 1.607554
1.714000 1.605976
1.716000 1.608933
1.718000 1.616934
1.720000 1.622806
1.722000 1.620158
1.724000 1.628889
1.726000 1.630655
1.728000 1.636068
1.730000 1.631484
1.732000 1.627409
1.734000 1.625572
1.736000 1.630854
1.738000 1.635168
1.740000 1.640657
1.742000 1.645652
1.744000 1.641078
1.746000 1.648047
1.748000 1.653961
1.750000 1.660823
1.752000 1.658719
1.754000 1.661084
1.756000 1.655158
1.758000 1.651926
1.760000 1.661256
1.762000 1.653828
1.764000 1.654327
1.766000 1.667920
1.768000 1.672110
1.770000 1.671779
1.772000 1.666406
1.774000 1.661382
1.776000 1.671398
1.778000 1.686606
1.780000 1.684144
1.782000 1.687552
1.784000 1.685304
1.786000 1.693017
1.788000 1.692336
1.790000 1.695089
1.792000 1.690911
1.794000 1.697564
1.796000 1.695989
1.798000 1.686962
1.800000 1.690452
1.802000 1.707263
1.804000 1.711257
1.806000 1.717147
1.808000 1.712979
1.810000 1.709568
1.812000 1.709982
1.814000 1.714373
1.816000 1.715121
1.818000 1.727173
1.820000 1.734269
1.822000 1.734661
1.824000 1.731990
1.826000 1.731774
1.828000 1.734999
1.830000 1.744977
1.832000 1.737965
1.834000 1.732882
1.836000 1.736623
1.838000 1.737219
1.840000 1.748808
1.842000 1.761174
1.844000 1.762179
1.846000 1.749320
1.848000 1.749040
1.850000 1.745055
1.852000 1.743784
1.854000 1.741493
1.856000 1.747488
1.858000 1.758364
1.860000 1.771501
1.862000 1.774906
1.864000 1.774698
1.866000 1.773321
1.868000 1.778253
1.870000 1.774705
1.872000 1.771433
1.874000 1.776546
1.876000 1.786812
1.878000 1.781849
1.880000 1.788239
1.882000 1.785199
1.884000 1.788120
1.886000 1.788377
1.888000 1.778203
1.890000 1.784568
1.892000 1.795160
1.894000 1.802927
1.896000 1.806247
1.898000 1.808961
1.900000 1.811556
1.902000 1.811448
1.904000 1.812669
1.906000 1.821349
1.908000 1.823674
1.910000 1.822085
1.912000 1.813750
1.914000 1.815569
1.916000 1.829401
1.918000 1.838087
1.920000 1.832532
1.922000 1.833444
1.924000 1.832281
1.926000 1.834930
1.928000 1.836806
1.930000 1.841884
1.932000 1.847744
1.934000 1.844147
1.936000 1.840920
1.938000 1.839422
1.940000 1.839530
1.942000 1.842787
1.944000 1.847384
1.946000 1.864429
1.948000 1.863922
1.950000 1.869752
1.952000 1.867112
1.954000 1.869486
1.956000 1.865690
1.958000 1.865375
1.960000 1.864723
1.962000 1.865115
1.964000 1.863166
1.966000 1.877872
1.968000 1.883151
1.970000 1.879188
1.972000 1.874855
1.974000 1.877867
1.976000 1.883488
1.978000 1.889913
1.980000 1.896954
1.982000 1.897382
1.984000 1.906850
1.986000 1.897597
1.988000 1.896881
1.990000 1.899040
1.992000 1.904351
1.994000 1.912428
1.996000 1.920784
1.998000 1.919651
