0.000000 -0.000108
0.002000 -0.009736
0.004000 -0.008120
0.006000 -0.011169
0.008000 -0.009770
0.010000 -0.005756
0.012000 -0.004198
0.014000 -0.001315
0.016000 -0.001402
0.018000 -0.001254
0.020000 -0.001732
0.022000 0.000201
0.024000 0.002760
0.026000 0.006958
0.028000 0.011597
0.030000 0.014515
0.032000 0.015179
0.034000 0.016947
0.036000 0.019067
0.038000 0.022474
0.040000 0.024907
0.042000 0.025812
0.044000 0.026796
0.046000 0.027731
0.048000 0.028575
0.050000 0.029442
0.052000 0.030330
0.054000 0.031235
0.056000 0.032165
0.058000 0.033234
0.060000 0.038221
0.062000 0.042525
0.064000 0.046329
0.066000 0.052449
0.068000 0.050924
0.070000 0.049788
0.072000 0.048945
0.074000 0.048424
0.076000 0.048966
0.078000 0.049241
0.080000 0.050326
0.082000 0.051105
0.084000 0.052570
0.086000 0.055378
0.088000 0.054678
0.090000 0.055386
0.092000 0.057737
0.094000 0.058554
0.096000 0.057875
0.098000 0.057375
0.100000 0.060859
0.102000 0.061732
0.104000 0.060941
0.106000 0.062135
0.108000 0.063280
0.110000 0.064432
0.112000 0.063665
0.114000 0.063132
0.116000 0.062793
0.118000 0.066581
0.120000 0.067220
0.122000 0.067230
0.124000 0.070800
0.126000 0.069704
0.128000 0.068869
0.130000 0.068275
0.132000 0.067875
0.134000 0.069724
0.136000 0.069728
0.138000 0.070037
0.140000 0.072703
0.142000 0.072692
0.144000 0.072205
0.146000 0.071896
0.148000 0.071735
0.150000 0.073643
0.152000 0.075985
0.154000 0.075456
0.156000 0.075096
0.158000 0.074883
0.160000 0.074790
0.162000 0.074789
0.164000 0.074882
0.166000 0.075057
0.168000 0.075295
0.170000 0.075589
0.172000 0.077897
0.174000 0.078467
0.176000 0.078529
0.178000 0.078660
0.180000 0.079639
0.182000 0.086604
0.184000 0.091969
0.186000 0.094027
0.188000 0.093588
0.190000 0.092474
0.192000 0.093422
0.194000 0.091901
0.196000 0.092973
0.198000 0.095095
0.200000 0.096552
0.202000 0.097060
0.204000 0.095365
0.206000 0.094024
0.208000 0.092987
0.210000 0.092197
0.212000 0.091608
0.214000 0.091193
0.216000 0.092993
0.218000 0.093290
0.220000 0.092853
0.222000 0.092571
0.224000 0.093331
0.226000 0.097864
0.228000 0.098029
0.230000 0.100553
0.232000 0.103038
0.234000 0.102583
0.236000 0.103009
0.238000 0.104275
0.240000 0.105626
0.242000 0.104973
0.244000 0.105644
0.246000 0.107203
0.248000 0.107835
0.250000 0.108401
0.252000 0.107483
0.254000 0.108851
0.256000 0.107513
0.258000 0.107971
0.260000 0.109320
0.262000 0.111380
0.264000 0.114818
0.266000 0.113158
0.268000 0.113082
0.270000 0.111639
0.272000 0.112325
0.274000 0.111278
0.276000 0.112395
0.278000 0.113569
0.280000 0.116970
0.282000 0.114923
0.284000 0.115180
0.286000 0.117809
0.288000 0.120276
0.290000 0.118277
0.292000 0.118446
0.294000 0.122954
0.296000 0.125181
0.298000 0.123021
0.300000 0.123677
0.302000 0.124864
0.304000 0.125281
0.306000 0.126497
0.308000 0.128529
0.310000 0.127520
0.312000 0.127856
0.314000 0.124731
0.316000 0.122157
0.318000 0.120057
0.320000 0.119097
0.322000 0.122102
0.324000 0.122197
0.326000 0.120750
0.328000 0.124437
0.330000 0.124827
0.332000 0.123455
0.334000 0.125628
0.336000 0.130929
0.338000 0.133858
0.340000 0.130379
0.342000 0.131009
0.344000 0.128967
0.346000 0.126370
0.348000 0.124231
0.350000 0.122457
0.352000 0.120986
0.354000 0.120216
0.356000 0.124276
0.358000 0.128247
0.360000 0.130772
0.362000 0.130246
0.364000 0.131560
0.366000 0.129179
0.368000 0.126773
0.370000 0.124801
0.372000 0.123191
0.374000 0.121889
0.376000 0.121421
0.378000 0.123665
0.380000 0.127007
0.382000 0.127693
0.384000 0.128555
0.386000 0.131177
0.388000 0.132332
0.390000 0.130239
0.392000 0.132294
0.394000 0.136470
0.396000 0.133889
0.398000 0.131467
0.400000 0.129331
0.402000 0.128820
0.404000 0.131882
0.406000 0.130779
0.408000 0.132261
0.410000 0.136980
0.412000 0.136565
0.414000 0.138171
0.416000 0.139240
0.418000 0.137156
0.420000 0.136367
0.422000 0.136930
0.424000 0.136720
0.426000 0.134344
0.428000 0.132393
0.430000 0.130790
0.432000 0.131747
0.434000 0.134066
0.436000 0.134346
0.438000 0.134887
0.440000 0.133464
0.442000 0.131863
0.444000 0.131478
0.446000 0.133797
0.448000 0.134689
0.450000 0.134444
0.452000 0.133801
0.454000 0.133945
0.456000 0.134757
0.458000 0.136963
0.460000 0.136619
0.462000 0.142479
0.464000 0.142368
0.466000 0.142792
0.468000 0.145685
0.470000 0.151678
0.472000 0.151817
0.474000 0.149240
0.476000 0.145623
0.478000 0.146407
0.480000 0.146296
0.482000 0.146723
0.484000 0.146980
0.486000 0.148671
0.488000 0.154130
0.490000 0.154694
0.492000 0.155087
0.494000 0.152502
0.496000 0.149649
0.498000 0.152086
0.500000 0.148774
0.502000 0.146138
0.504000 0.146298
0.506000 0.146653
0.508000 0.148112
0.510000 0.147142
0.512000 0.147283
0.514000 0.143859
0.516000 0.143140
0.518000 0.143153
0.520000 0.139882
0.522000 0.139242
0.524000 0.139023
0.526000 0.139862
0.528000 0.142833
0.530000 0.142335
0.532000 0.143837
0.534000 0.147130
0.536000 0.143496
0.538000 0.143214
0.540000 0.140119
0.542000 0.137105
0.544000 0.136709
0.546000 0.134008
0.548000 0.134220
0.550000 0.132226
0.552000 0.130198
0.554000 0.130003
0.556000 0.128795
0.558000 0.127250
0.560000 0.125933
0.562000 0.127470
0.564000 0.128874
0.566000 0.127156
0.568000 0.126077
0.570000 0.127134
0.572000 0.130097
0.574000 0.131659
0.576000 0.129331
0.578000 0.127347
0.580000 0.127758
0.582000 0.131826
0.584000 0.133984
0.586000 0.132048
0.588000 0.132072
0.590000 0.132081
0.592000 0.129605
0.594000 0.129957
0.596000 0.128019
0.598000 0.126641
0.600000 0.131472
0.602000 0.130220
0.604000 0.130539
0.606000 0.128558
0.608000 0.129636
0.610000 0.131239
0.612000 0.129657
0.614000 0.128876
0.616000 0.130366
0.618000 0.131622
0.620000 0.131229
0.622000 0.128737
0.624000 0.126667
0.626000 0.125641
0.628000 0.129963
0.630000 0.131457
0.632000 0.128874
0.634000 0.131594
0.636000 0.133293
0.638000 0.131522
0.640000 0.128753
0.642000 0.126393
0.644000 0.124373
0.646000 0.128412
0.648000 0.130439
0.650000 0.129498
0.652000 0.130951
0.654000 0.132946
0.656000 0.136042
0.658000 0.134856
0.660000 0.134318
0.662000 0.130310
0.664000 0.130804
0.666000 0.130272
0.668000 0.128786
0.670000 0.126929
0.672000 0.125080
0.674000 0.122919
0.676000 0.121404
0.678000 0.123237
0.680000 0.125112
0.682000 0.126306
0.684000 0.123700
0.686000 0.124136
0.688000 0.122145
0.690000 0.120699
0.692000 0.121907
0.694000 0.122330
0.696000 0.126171
0.698000 0.127576
0.700000 0.127427
0.702000 0.125191
0.704000 0.123298
0.706000 0.121696
0.708000 0.120335
0.710000 0.119175
0.712000 0.120428
0.714000 0.122287
0.716000 0.122802
0.718000 0.122959
0.720000 0.121942
0.722000 0.120628
0.724000 0.121252
0.726000 0.124994
0.728000 0.128805
0.730000 0.132777
0.732000 0.130668
0.734000 0.128861
0.736000 0.128561
0.738000 0.127545
0.740000 0.127873
0.742000 0.125904
0.744000 0.126192
0.746000 0.127876
0.748000 0.124989
0.750000 0.121142
0.752000 0.119957
0.754000 0.123048
0.756000 0.123222
0.758000 0.125185
0.760000 0.126425
0.762000 0.126452
0.764000 0.128245
0.766000 0.125839
0.768000 0.121600
0.770000 0.126577
0.772000 0.128664
0.774000 0.126104
0.776000 0.123200
0.778000 0.119178
0.780000 0.117303
0.782000 0.118433
0.784000 0.115132
0.786000 0.114809
0.788000 0.120470
0.790000 0.120079
0.792000 0.122876
0.794000 0.122213
0.796000 0.126599
0.798000 0.128758
0.800000 0.125815
0.802000 0.127553
0.804000 0.129866
0.806000 0.128331
0.808000 0.126538
0.810000 0.122970
0.812000 0.121772
0.814000 0.116891
0.816000 0.112922
0.818000 0.116924
0.820000 0.114820
0.822000 0.114823
0.824000 0.117547
0.826000 0.114534
0.828000 0.111134
0.830000 0.112881
0.832000 0.113628
0.834000 0.112434
0.836000 0.110516
0.838000 0.111826
0.840000 0.108651
0.842000 0.109304
0.844000 0.110651
0.846000 0.108028
0.848000 0.105648
0.850000 0.107848
0.852000 0.115381
0.854000 0.120411
0.856000 0.121451
0.858000 0.120326
0.860000 0.118599
0.862000 0.120860
0.864000 0.119597
0.866000 0.122182
0.868000 0.121463
0.870000 0.121448
0.872000 0.124661
0.874000 0.122366
0.876000 0.124921
0.878000 0.123953
0.880000 0.123527
0.882000 0.121359
0.884000 0.118270
0.886000 0.121692
0.888000 0.128726
0.890000 0.133459
0.892000 0.129895
0.894000 0.128212
0.896000 0.128537
0.898000 0.124952
0.900000 0.124220
0.902000 0.125063
0.904000 0.123644
0.906000 0.124458
0.908000 0.121218
0.910000 0.123701
0.912000 0.126020
0.914000 0.131722
0.916000 0.132943
0.918000 0.130807
0.920000 0.129777
0.922000 0.125153
0.924000 0.126464
0.926000 0.125758
0.928000 0.126806
0.930000 0.134618
0.932000 0.137666
0.934000 0.131973
0.936000 0.130346
0.938000 0.127435
0.940000 0.123545
0.942000 0.119560
0.944000 0.115445
0.946000 0.114650
0.948000 0.114363
0.950000 0.115267
0.952000 0.115543
0.954000 0.121928
0.956000 0.122744
0.958000 0.121713
0.960000 0.118637
0.962000 0.119011
0.964000 0.122230
0.966000 0.127744
0.968000 0.127749
0.970000 0.124429
0.972000 0.127223
0.974000 0.128147
0.976000 0.131546
0.978000 0.130911
0.980000 0.137282
0.982000 0.136581
0.984000 0.134820
0.986000 0.132095
0.988000 0.127953
0.990000 0.128976
0.992000 0.128185
0.994000 0.128756
0.996000 0.134704
0.998000 0.135007
1.000000 0.137707
1.002000 0.138022
1.004000 0.148450
1.006000 0.147015
1.008000 0.146162
1.010000 0.143956
1.012000 0.139777
1.014000 0.143307
1.016000 0.138785
1.018000 0.133274
1.020000 0.132036
1.022000 0.133731
1.024000 0.136219
1.026000 0.134048
1.028000 0.134295
1.030000 0.139029
1.032000 0.141246
1.034000 0.139615
1.036000 0.135323
1.038000 0.139687
1.040000 0.138973
1.042000 0.141981
1.044000 0.147676
1.046000 0.145039
1.048000 0.141361
1.050000 0.135713
1.052000 0.138886
1.054000 0.136784
1.056000 0.140286
1.058000 0.136322
1.060000 0.138249
1.062000 0.140480
1.064000 0.141697
1.066000 0.142974
1.068000 0.143884
1.070000 0.142691
1.072000 0.150002
1.074000 0.152550
1.076000 0.155538
1.078000 0.155166
1.080000 0.155628
1.082000 0.155286
1.084000 0.154683
1.086000 0.160236
1.088000 0.160539
1.090000 0.159010
1.092000 0.158209
1.094000 0.165470
1.096000 0.174421
1.098000 0.178640
1.100000 0.175416
1.102000 0.177743
1.104000 0.179643
1.106000 0.175379
1.108000 0.175724
1.110000 0.167129
1.112000 0.165832
1.114000 0.160619
1.116000 0.159222
1.118000 0.163600
1.120000 0.164118
1.122000 0.159584
1.124000 0.161658
1.126000 0.159100
1.128000 0.157282
1.130000 0.158732
1.132000 0.159061
1.134000 0.159503
1.136000 0.157983
1.138000 0.157353
1.140000 0.159064
1.142000 0.162363
1.144000 0.163765
1.146000 0.166227
1.148000 0.162730
1.150000 0.173245
1.152000 0.184666
1.154000 0.182364
1.156000 0.182573
1.158000 0.182957
1.160000 0.177104
1.162000 0.178586
1.164000 0.184693
1.166000 0.178967
1.168000 0.176295
1.170000 0.178443
1.172000 0.177858
1.174000 0.176914
1.176000 0.182167
1.178000 0.183300
1.180000 0.190706
1.182000 0.191273
1.184000 0.190159
1.186000 0.183902
1.188000 0.176580
1.190000 0.171801
1.192000 0.170146
1.194000 0.177833
1.196000 0.179965
1.198000 0.183839
1.200000 0.181101
1.202000 0.179085
1.204000 0.178635
1.206000 0.181206
1.208000 0.179483
1.210000 0.179560
1.212000 0.185540
1.214000 0.184944
1.216000 0.188467
1.218000 0.193608
1.220000 0.198548
1.222000 0.201591
1.224000 0.196826
1.226000 0.195110
1.228000 0.196137
1.230000 0.199931
1.232000 0.196228
1.234000 0.199883
1.236000 0.211551
1.238000 0.207955
1.240000 0.200944
1.242000 0.197857
1.244000 0.198796
1.246000 0.206648
1.248000 0.208832
1.250000 0.207817
1.252000 0.205041
1.254000 0.207871
1.256000 0.219009
1.258000 0.222371
1.260000 0.226939
1.262000 0.231925
1.264000 0.235584
1.266000 0.239771
1.268000 0.242081
1.270000 0.255910
1.272000 0.263599
1.274000 0.267746
1.276000 0.261736
1.278000 0.253616
1.280000 0.247123
1.282000 0.243380
1.284000 0.247216
1.286000 0.251855
1.288000 0.263734
1.290000 0.282470
1.292000 0.285214
1.294000 0.282560
1.296000 0.277720
1.298000 0.274938
1.300000 0.271689
1.302000 0.274616
1.304000 0.274877
1.306000 0.275551
1.308000 0.284372
1.310000 0.292000
1.312000 0.291534
1.314000 0.287446
1.316000 0.294539
1.318000 0.304388
1.320000 0.310614
1.322000 0.307615
1.324000 0.313497
1.326000 0.321395
1.328000 0.317633
1.330000 0.323747
1.332000 0.337821
1.334000 0.335160
1.336000 0.335010
1.338000 0.323012
1.340000 0.318425
1.342000 0.327541
1.344000 0.332463
1.346000 0.328342
1.348000 0.332568
1.350000 0.336880
1.352000 0.338850
1.354000 0.334395
1.356000 0.327060
1.358000 0.331092
1.360000 0.331570
1.362000 0.341576
1.364000 0.345534
1.366000 0.340607
1.368000 0.344419
1.370000 0.361740
1.372000 0.380852
1.374000 0.378644
1.376000 0.373862
1.378000 0.372953
1.380000 0.372576
1.382000 0.373390
1.384000 0.368916
1.386000 0.375242
1.388000 0.383340
1.390000 0.379288
1.392000 0.383402
1.394000 0.386462
1.396000 0.385909
1.398000 0.394212
1.400000 0.403695
1.402000 0.411001
1.404000 0.413292
1.406000 0.415829
1.408000 0.418955
1.410000 0.423201
1.412000 0.429387
1.414000 0.429314
1.416000 0.431662
1.418000 0.427497
1.420000 0.428264
1.422000 0.439251
1.424000 0.434161
1.426000 0.443281
1.428000 0.438667
1.430000 0.438528
1.432000 0.438554
1.434000 0.440461
1.436000 0.447291
1.438000 0.465587
1.440000 0.471216
1.442000 0.463294
1.444000 0.454955
1.446000 0.463394
1.448000 0.472333
1.450000 0.471692
1.452000 0.470283
1.454000 0.470860
1.456000 0.486948
1.458000 0.485473
1.460000 0.485358
1.462000 0.488013
1.464000 0.489183
1.466000 0.490712
1.468000 0.486239
1.470000 0.486733
1.472000 0.487724
1.474000 0.489695
1.476000 0.494149
1.478000 0.494730
1.480000 0.490471
1.482000 0.504012
1.484000 0.501176
1.486000 0.513261
1.488000 0.523572
1.490000 0.536674
1.492000 0.539305
1.494000 0.548811
1.496000 0.559815
1.498000 0.572333
1.500000 0.562468
1.502000 0.544078
1.504000 0.550391
1.506000 0.548582
1.508000 0.558363
1.510000 0.577719
1.512000 0.580256
1.514000 0.577179
1.516000 0.588342
1.518000 0.596121
1.520000 0.603405
1.522000 0.596360
1.524000 0.602524
1.526000 0.596740
1.528000 0.600493
1.530000 0.599513
1.532000 0.617179
1.534000 0.621515
1.536000 0.617935
1.538000 0.612086
1.540000 0.615779
1.542000 0.616285
1.544000 0.613395
1.546000 0.620294
1.548000 0.619108
1.550000 0.603035
1.552000 0.589403
1.554000 0.576602
1.556000 0.586076
1.558000 0.590323
1.560000 0.599043
1.562000 0.616276
1.564000 0.622880
1.566000 0.631116
1.568000 0.629201
1.570000 0.627269
1.572000 0.634537
1.574000 0.653171
1.576000 0.664389
1.578000 0.671857
1.580000 0.683699
1.582000 0.691412
1.584000 0.701638
1.586000 0.700380
1.588000 0.692061
1.590000 0.690026
1.592000 0.686874
1.594000 0.690435
1.596000 0.687605
1.598000 0.692417
1.600000 0.693550
1.602000 0.701628
1.604000 0.707097
1.606000 0.715092
1.608000 0.722358
1.610000 0.735249
1.612000 0.748062
1.614000 0.752918
1.616000 0.754668
1.618000 0.752866
1.620000 0.748867
1.622000 0.737267
1.624000 0.758985
1.626000 0.774477
1.628000 0.770625
1.630000 0.750052
1.632000 0.741479
1.634000 0.738048
1.636000 0.742595
1.638000 0.731073
1.640000 0.731733
1.642000 0.732648
1.644000 0.729278
1.646000 0.742729
1.648000 0.756592
1.650000 0.775390
1.652000 0.782106
1.654000 0.785430
1.656000 0.791309
1.658000 0.792388
1.660000 0.798456
1.662000 0.806629
1.664000 0.805487
1.666000 0.819102
1.668000 0.831533
1.670000 0.832205
1.672000 0.833930
1.674000 0.840821
1.676000 0.829120
1.678000 0.835624
1.680000 0.844851
1.682000 0.847345
1.684000 0.844301
1.686000 0.861849
1.688000 0.860231
1.690000 0.874988
1.692000 0.876066
1.694000 0.883341
1.696000 0.895867
1.698000 0.882606
1.700000 0.877568
1.702000 0.885441
1.704000 0.883304
1.706000 0.879370
1.708000 0.869788
1.710000 0.857587
1.712000 0.859408
1.714000 0.872691
1.716000 0.886824
1.718000 0.893102
1.720000 0.896665
1.722000 0.914756
1.724000 0.927023
1.726000 0.933576
1.728000 0.945726
1.730000 0.934209
1.732000 0.946066
1.734000 0.951452
1.736000 0.951288
1.738000 0.966959
1.740000 0.974652
1.742000 0.953408
1.744000 0.952555
1.746000 0.948839
1.748000 0.955692
1.750000 0.949024
1.752000 0.959643
1.754000 0.981657
1.756000 0.987711
1.758000 0.987602
1.760000 0.985493
1.762000 0.990786
1.764000 0.996361
1.766000 0.996713
1.768000 0.998269
1.770000 0.994659
1.772000 0.992140
1.774000 0.988579
1.776000 1.009386
1.778000 1.010474
1.780000 0.997100
1.782000 1.008862
1.784000 1.004342
1.786000 1.006956
1.788000 1.033030
1.790000 1.048385
1.792000 1.052218
1.794000 1.068067
1.796000 1.055066
1.798000 1.052360
1.800000 1.048127
1.802000 1.066010
1.804000 1.063585
1.806000 1.065771
1.808000 1.071836
1.810000 1.067097
1.812000 1.090676
1.814000 1.082509
1.816000 1.068092
1.818000 1.076936
1.820000 1.094438
1.822000 1.108767
1.824000 1.106062
1.826000 1.097089
1.828000 1.101882
1.830000 1.113108
1.832000 1.089653
1.834000 1.075540
1.836000 1.072652
1.838000 1.079665
1.840000 1.103011
1.842000 1.110387
1.844000 1.126309
1.846000 1.127250
1.848000 1.109956
1.850000 1.122152
1.852000 1.125932
1.854000 1.126005
1.856000 1.135774
1.858000 1.142037
1.860000 1.132489
1.862000 1.141297
1.864000 1.157582
1.866000 1.164075
1.868000 1.167853
1.870000 1.174789
1.872000 1.170369
1.874000 1.170347
1.876000 1.179708
1.878000 1.190905
1.880000 1.212265
1.882000 1.225369
1.884000 1.238210
1.886000 1.249969
1.888000 1.239812
1.890000 1.230397
1.892000 1.211729
1.894000 1.228150
1.896000 1.223728
1.898000 1.203293
1.900000 1.200288
1.902000 1.205940
1.904000 1.240119
1.906000 1.259648
1.908000 1.236047
1.910000 1.243317
1.912000 1.254189
1.914000 1.237220
1.916000 1.224164
1.918000 1.233409
1.920000 1.244773
1.922000 1.237043
1.924000 1.247795
1.926000 1.256297
1.928000 1.270696
1.930000 1.269520
1.932000 1.247511
1.934000 1.237195
1.936000 1.228987
1.938000 1.246683
1.940000 1.255811
1.942000 1.276393
1.944000 1.282961
1.946000 1.282745
1.948000 1.279873
1.950000 1.280197
1.952000 1.299900
1.954000 1.307836
1.956000 1.312090
1.958000 1.322053
1.960000 1.316841
1.962000 1.301371
1.964000 1.303661
1.966000 1.306782
1.968000 1.296723
1.970000 1.309732
1.972000 1.314104
1.974000 1.313707
1.976000 1.331848
1.978000 1.331221
1.980000 1.345341
1.982000 1.332428
1.984000 1.337378
1.986000 1.347998
1.988000 1.334519
1.990000 1.339685
1.992000 1.341431
1.994000 1.345938
1.996000 1.348557
1.998000 1.367015
