0.000000 -0.000086
0.002000 -0.007728
0.004000 -0.006185
0.006000 -0.008897
0.008000 -0.008231
0.010000 -0.005944
0.012000 -0.004201
0.014000 -0.002136
0.016000 -0.003068
0.018000 -0.002372
0.020000 -0.002257
0.022000 -0.000615
0.024000 0.002366
0.026000 0.009213
0.028000 0.012140
0.030000 0.014662
0.032000 0.014766
0.034000 0.016575
0.036000 0.019213
0.038000 0.022596
0.040000 0.024951
0.042000 0.025947
0.044000 0.027105
0.046000 0.028075
0.048000 0.029038
0.050000 0.030012
0.052000 0.032421
0.054000 0.034088
0.056000 0.034823
0.058000 0.035603
0.060000 0.038102
0.062000 0.041678
0.064000 0.046597
0.066000 0.047135
0.068000 0.050579
0.070000 0.050351
0.072000 0.049913
0.074000 0.049772
0.076000 0.050290
0.078000 0.050197
0.080000 0.051388
0.082000 0.053239
0.084000 0.054573
0.086000 0.055532
0.088000 0.056542
0.090000 0.056281
0.092000 0.057252
0.094000 0.059189
0.096000 0.058884
0.098000 0.060226
0.100000 0.062461
0.102000 0.063116
0.104000 0.064211
0.106000 0.063732
0.108000 0.065112
0.110000 0.065300
0.112000 0.064965
0.114000 0.065906
0.116000 0.066552
0.118000 0.067930
0.120000 0.069738
0.122000 0.069259
0.124000 0.068893
0.126000 0.068654
0.128000 0.068619
0.130000 0.070538
0.132000 0.070352
0.134000 0.070277
0.136000 0.070290
0.138000 0.071600
0.140000 0.072728
0.142000 0.073672
0.144000 0.073583
0.146000 0.073588
0.148000 0.073842
0.150000 0.075846
0.152000 0.077280
0.154000 0.077181
0.156000 0.077086
0.158000 0.077088
0.160000 0.077175
0.162000 0.077319
0.164000 0.078082
0.166000 0.080022
0.168000 0.080023
0.170000 0.083658
0.172000 0.086244
0.174000 0.087271
0.176000 0.086643
0.178000 0.088235
0.180000 0.089348
0.182000 0.091003
0.184000 0.093204
0.186000 0.093279
0.188000 0.094106
0.190000 0.095045
0.192000 0.094298
0.194000 0.095204
0.196000 0.094625
0.198000 0.097459
0.200000 0.097030
0.202000 0.096029
0.204000 0.095232
0.206000 0.094779
0.208000 0.097594
0.210000 0.097688
0.212000 0.096939
0.214000 0.096350
0.216000 0.095896
0.218000 0.095573
0.220000 0.096101
0.222000 0.099914
0.224000 0.101376
0.226000 0.100999
0.228000 0.104105
0.230000 0.105177
0.232000 0.104372
0.234000 0.103796
0.236000 0.104247
0.238000 0.106626
0.240000 0.107292
0.242000 0.106765
0.244000 0.107581
0.246000 0.110723
0.248000 0.110511
0.250000 0.109302
0.252000 0.109981
0.254000 0.111004
0.256000 0.111313
0.258000 0.113840
0.260000 0.117828
0.262000 0.117576
0.264000 0.115805
0.266000 0.114312
0.268000 0.114267
0.270000 0.116282
0.272000 0.117641
0.274000 0.117046
0.276000 0.117928
0.278000 0.117225
0.280000 0.117671
0.282000 0.119548
0.284000 0.125825
0.286000 0.127390
0.288000 0.125228
0.290000 0.123012
0.292000 0.121130
0.294000 0.121813
0.296000 0.122641
0.298000 0.125512
0.300000 0.128462
0.302000 0.127455
0.304000 0.126421
0.306000 0.127670
0.308000 0.130369
0.310000 0.131035
0.312000 0.131538
0.314000 0.132291
0.316000 0.131466
0.318000 0.128587
0.320000 0.126174
0.322000 0.129097
0.324000 0.133397
0.326000 0.132331
0.328000 0.131322
0.330000 0.129963
0.332000 0.130599
0.334000 0.128235
0.336000 0.127059
0.338000 0.127040
0.340000 0.127985
0.342000 0.127774
0.344000 0.125982
0.346000 0.126616
0.348000 0.126904
0.350000 0.125642
0.352000 0.124170
0.354000 0.127012
0.356000 0.130443
0.358000 0.130980
0.360000 0.131363
0.362000 0.129789
0.364000 0.127809
0.366000 0.126118
0.368000 0.124807
0.370000 0.124600
0.372000 0.126505
0.374000 0.127841
0.376000 0.127467
0.378000 0.128789
0.380000 0.130438
0.382000 0.128960
0.384000 0.127272
0.386000 0.125866
0.388000 0.129974
0.390000 0.132482
0.392000 0.139279
0.394000 0.137024
0.396000 0.136166
0.398000 0.135397
0.400000 0.133307
0.402000 0.134074
0.404000 0.133319
0.406000 0.132099
0.408000 0.133659
0.410000 0.136509
0.412000 0.137832
0.414000 0.135809
0.416000 0.133574
0.418000 0.133094
0.420000 0.132681
0.422000 0.132097
0.424000 0.132723
0.426000 0.132062
0.428000 0.130457
0.430000 0.131288
0.432000 0.134458
0.434000 0.132783
0.436000 0.131222
0.438000 0.129898
0.440000 0.130548
0.442000 0.129854
0.444000 0.130738
0.446000 0.132839
0.448000 0.133272
0.450000 0.131946
0.452000 0.134008
0.454000 0.136314
0.456000 0.136556
0.458000 0.138035
0.460000 0.137413
0.462000 0.137624
0.464000 0.139415
0.466000 0.142060
0.468000 0.144271
0.470000 0.141678
0.472000 0.143854
0.474000 0.145304
0.476000 0.145657
0.478000 0.145614
0.480000 0.145509
0.482000 0.145611
0.484000 0.151932
0.486000 0.151215
0.488000 0.149722
0.490000 0.148308
0.492000 0.149447
0.494000 0.151089
0.496000 0.153110
0.498000 0.153649
0.500000 0.150005
0.502000 0.149481
0.504000 0.147866
0.506000 0.145487
0.508000 0.144608
0.510000 0.146458
0.512000 0.143442
0.514000 0.141912
0.516000 0.144564
0.518000 0.146749
0.520000 0.145960
0.522000 0.144130
0.524000 0.142303
0.526000 0.141603
0.528000 0.138836
0.530000 0.137170
0.532000 0.137088
0.534000 0.136958
0.536000 0.138546
0.538000 0.140924
0.540000 0.138946
0.542000 0.136233
0.544000 0.136112
0.546000 0.133720
0.548000 0.133404
0.550000 0.131773
0.552000 0.130397
0.554000 0.132278
0.556000 0.130715
0.558000 0.129711
0.560000 0.130958
0.562000 0.129524
0.564000 0.127956
0.566000 0.127713
0.568000 0.126880
0.570000 0.128040
0.572000 0.128098
0.574000 0.126624
0.576000 0.128378
0.578000 0.127047
0.580000 0.125959
0.582000 0.129164
0.584000 0.129290
0.586000 0.128029
0.588000 0.126618
0.590000 0.125757
0.592000 0.123774
0.594000 0.125996
0.596000 0.125590
0.598000 0.126314
0.600000 0.129033
0.602000 0.134307
0.604000 0.134010
0.606000 0.133251
0.608000 0.130603
0.610000 0.130818
0.612000 0.134540
0.614000 0.134043
0.616000 0.131399
0.618000 0.129314
0.620000 0.131418
0.622000 0.133100
0.624000 0.133864
0.626000 0.133634
0.628000 0.132973
0.630000 0.133545
0.632000 0.132034
0.634000 0.131426
0.636000 0.134862
0.638000 0.133775
0.640000 0.131559
0.642000 0.133577
0.644000 0.135025
0.646000 0.132823
0.648000 0.132055
0.650000 0.129718
0.652000 0.128088
0.654000 0.129209
0.656000 0.132381
0.658000 0.132523
0.660000 0.132690
0.662000 0.136194
0.664000 0.137129
0.666000 0.137420
0.668000 0.141275
0.670000 0.141119
0.672000 0.143872
0.674000 0.141412
0.676000 0.138680
0.678000 0.137831
0.680000 0.136581
0.682000 0.135327
0.684000 0.136266
0.686000 0.136391
0.688000 0.135233
0.690000 0.135193
0.692000 0.133718
0.694000 0.133550
0.696000 0.135710
0.698000 0.135969
0.700000 0.133790
0.702000 0.140411
0.704000 0.140665
0.706000 0.139620
0.708000 0.140657
0.710000 0.140557
0.712000 0.142506
0.714000 0.141614
0.716000 0.139876
0.718000 0.140190
0.720000 0.141571
0.722000 0.149501
0.724000 0.148545
0.726000 0.146260
0.728000 0.144935
0.730000 0.143693
0.732000 0.146162
0.734000 0.147352
0.736000 0.151835
0.738000 0.152804
0.740000 0.156151
0.742000 0.159729
0.744000 0.160697
0.746000 0.158789
0.748000 0.161651
0.750000 0.158346
0.752000 0.157767
0.754000 0.157816
0.756000 0.155366
0.758000 0.153530
0.760000 0.154061
0.762000 0.156485
0.764000 0.161239
0.766000 0.163210
0.768000 0.161568
0.770000 0.159912
0.772000 0.160617
0.774000 0.157481
0.776000 0.157832
0.778000 0.159395
0.780000 0.156466
0.782000 0.158452
0.784000 0.158792
0.786000 0.159530
0.788000 0.160856
0.790000 0.162374
0.792000 0.167299
0.794000 0.171048
0.796000 0.172414
0.798000 0.171286
0.800000 0.169835
0.802000 0.176849
0.804000 0.177392
0.806000 0.179084
0.808000 0.174195
0.810000 0.175285
0.812000 0.178411
0.814000 0.180842
0.816000 0.181717
0.818000 0.181090
0.820000 0.184527
0.822000 0.182661
0.824000 0.182511
0.826000 0.182108
0.828000 0.181911
0.830000 0.182153
0.832000 0.185201
0.834000 0.190045
0.836000 0.190003
0.838000 0.189424
0.840000 0.184553
0.842000 0.181577
0.844000 0.182590
0.846000 0.183695
0.848000 0.180744
0.850000 0.177229
0.852000 0.175869
0.854000 0.178478
0.856000 0.186731
0.858000 0.190645
0.860000 0.196957
0.862000 0.194976
0.864000 0.191626
0.866000 0.193471
0.868000 0.195326
0.870000 0.192891
0.872000 0.195318
0.874000 0.200823
0.876000 0.201361
0.878000 0.198892
0.880000 0.201448
0.882000 0.209078
0.884000 0.219822
0.886000 0.217700
0.888000 0.214863
0.890000 0.216358
0.892000 0.213822
0.894000 0.208401
0.896000 0.208693
0.898000 0.209258
0.900000 0.209203
0.902000 0.208137
0.904000 0.206790
0.906000 0.203187
0.908000 0.209963
0.910000 0.212655
0.912000 0.212045
0.914000 0.212352
0.916000 0.215102
0.918000 0.215594
0.920000 0.214820
0.922000 0.211189
0.924000 0.205165
0.926000 0.206401
0.928000 0.212618
0.930000 0.213411
0.932000 0.214487
0.934000 0.216586
0.936000 0.218042
0.938000 0.215711
0.940000 0.210717
0.942000 0.208005
0.944000 0.211445
0.946000 0.212570
0.948000 0.214052
0.950000 0.212016
0.952000 0.211570
0.954000 0.212750
0.956000 0.210432
0.958000 0.217300
0.960000 0.215660
0.962000 0.225337
0.964000 0.228689
0.966000 0.232390
0.968000 0.237608
0.970000 0.239530
0.972000 0.245192
0.974000 0.246634
0.976000 0.254877
0.978000 0.262285
0.980000 0.268933
0.982000 0.270493
0.984000 0.271612
0.986000 0.269687
0.988000 0.269406
0.990000 0.277843
0.992000 0.276386
0.994000 0.277583
0.996000 0.273857
0.998000 0.270766
1.000000 0.266363
1.002000 0.262335
1.004000 0.266808
1.006000 0.280000
1.008000 0.281588
1.010000 0.297755
1.012000 0.301418
1.014000 0.309737
1.016000 0.314718
1.018000 0.317214
1.020000 0.310940
1.022000 0.315690
1.024000 0.326955
1.026000 0.329084
1.028000 0.335020
1.030000 0.338640
1.032000 0.342384
1.034000 0.341294
1.036000 0.337229
1.038000 0.333017
1.040000 0.322925
1.042000 0.323017
1.044000 0.318719
1.046000 0.320046
1.048000 0.339689
1.050000 0.344030
1.052000 0.342385
1.054000 0.339705
1.056000 0.345466
1.058000 0.341121
1.060000 0.340523
1.062000 0.338700
1.064000 0.339916
1.066000 0.344439
1.068000 0.362870
1.070000 0.372840
1.072000 0.369124
1.074000 0.364745
1.076000 0.364451
1.078000 0.370014
1.080000 0.366489
1.082000 0.367629
1.084000 0.366232
1.086000 0.373267
1.088000 0.370350
1.090000 0.373372
1.092000 0.384335
1.094000 0.395246
1.096000 0.388624
1.098000 0.387287
1.100000 0.384778
1.102000 0.380946
1.104000 0.387205
1.106000 0.396397
1.108000 0.401626
1.110000 0.404130
1.112000 0.408144
1.114000 0.407317
1.116000 0.406114
1.118000 0.409004
1.120000 0.404274
1.122000 0.407048
1.124000 0.406678
1.126000 0.411583
1.128000 0.415901
1.130000 0.429110
1.132000 0.435031
1.134000 0.439293
1.136000 0.435425
1.138000 0.441004
1.140000 0.448098
1.142000 0.456436
1.144000 0.457421
1.146000 0.450849
1.148000 0.449099
1.150000 0.453934
1.152000 0.454152
1.154000 0.454494
1.156000 0.459520
1.158000 0.473717
1.160000 0.485355
1.162000 0.496878
1.164000 0.511697
1.166000 0.508820
1.168000 0.513704
1.170000 0.513299
1.172000 0.514768
1.174000 0.516362
1.176000 0.516712
1.178000 0.520004
1.180000 0.524929
1.182000 0.518827
1.184000 0.524950
1.186000 0.523450
1.188000 0.519591
1.190000 0.515750
1.192000 0.505770
1.194000 0.499228
1.196000 0.502921
1.198000 0.504961
1.200000 0.499388
1.202000 0.508108
1.204000 0.518324
1.206000 0.519034
1.208000 0.515656
1.210000 0.514723
1.212000 0.518408
1.214000 0.516310
1.216000 0.522517
1.218000 0.522482
1.220000 0.517688
1.222000 0.523788
1.224000 0.522362
1.226000 0.530447
1.228000 0.553206
1.230000 0.564956
1.232000 0.566670
1.234000 0.569070
1.236000 0.564854
1.238000 0.569771
1.240000 0.574812
1.242000 0.585073
1.244000 0.589211
1.246000 0.602094
1.248000 0.604422
1.250000 0.599185
1.252000 0.596100
1.254000 0.608748
1.256000 0.609185
1.258000 0.607803
1.260000 0.607267
1.262000 0.615925
1.264000 0.631382
1.266000 0.634284
1.268000 0.634316
1.270000 0.641886
1.272000 0.641853
1.274000 0.641272
1.276000 0.630440
1.278000 0.627753
1.280000 0.637488
1.282000 0.647372
1.284000 0.641968
1.286000 0.643585
1.288000 0.647615
1.290000 0.645632
1.292000 0.652556
1.294000 0.654446
1.296000 0.648136
1.298000 0.654845
1.300000 0.658703
1.302000 0.666942
1.304000 0.671332
1.306000 0.681290
1.308000 0.689897
1.310000 0.688877
1.312000 0.689015
1.314000 0.688813
1.316000 0.695664
1.318000 0.707599
1.320000 0.708806
1.322000 0.715387
1.324000 0.727586
1.326000 0.733992
1.328000 0.730495
1.330000 0.729918
1.332000 0.730514
1.334000 0.740302
1.336000 0.754057
1.338000 0.748159
1.340000 0.749824
1.342000 0.756577
1.344000 0.763568
1.346000 0.760198
1.348000 0.768233
1.350000 0.760838
1.352000 0.766427
1.354000 0.765042
1.356000 0.762705
1.358000 0.772358
1.360000 0.775635
1.362000 0.773324
1.364000 0.764555
1.366000 0.765629
1.368000 0.785857
1.370000 0.788741
1.372000 0.792287
1.374000 0.795217
1.376000 0.799146
1.378000 0.809688
1.380000 0.813678
1.382000 0.810465
1.384000 0.810067
1.386000 0.811752
1.388000 0.824326
1.390000 0.830492
1.392000 0.826290
1.394000 0.836779
1.396000 0.847733
1.398000 0.854299
1.400000 0.867046
1.402000 0.878713
1.404000 0.882768
1.406000 0.887568
1.408000 0.879581
1.410000 0.873752
1.412000 0.877986
1.414000 0.871334
1.416000 0.874279
1.418000 0.883880
1.420000 0.872964
1.422000 0.875180
1.424000 0.879233
1.426000 0.867337
1.428000 0.874896
1.430000 0.890096
1.432000 0.899674
1.434000 0.911491
1.436000 0.914682
1.438000 0.916370
1.440000 0.925270
1.442000 0.940512
1.444000 0.940030
1.446000 0.937003
1.448000 0.937313
1.450000 0.935413
1.452000 0.934225
1.454000 0.925921
1.456000 0.920170
1.458000 0.922155
1.460000 0.918373
1.462000 0.924879
1.464000 0.931916
1.466000 0.922322
1.468000 0.924236
1.470000 0.929813
1.472000 0.927140
1.474000 0.932978
1.476000 0.943699
1.478000 0.955865
1.480000 0.946573
1.482000 0.967169
1.484000 0.985445
1.486000 0.995384
1.488000 0.998492
1.490000 1.011744
1.492000 1.011526
1.494000 1.018387
1.496000 1.009962
1.498000 1.011176
1.500000 1.012128
1.502000 1.008480
1.504000 1.005877
1.506000 1.000373
1.508000 1.006080
1.510000 1.029673
1.512000 1.028698
1.514000 1.031332
1.516000 1.036755
1.518000 1.023944
1.520000 1.016334
1.522000 1.014521
1.524000 1.025260
1.526000 1.032998
1.528000 1.048000
1.530000 1.064725
1.532000 1.071194
1.534000 1.074406
1.536000 1.074898
1.538000 1.063925
1.540000 1.060768
1.542000 1.047483
1.544000 1.033361
1.546000 1.038297
1.548000 1.033336
1.550000 1.042750
1.552000 1.065939
1.554000 1.080366
1.556000 1.090131
1.558000 1.093937
1.560000 1.094723
1.562000 1.083729
1.564000 1.083344
1.566000 1.097747
1.568000 1.094869
1.570000 1.095174
1.572000 1.095843
1.574000 1.110812
1.576000 1.132380
1.578000 1.145374
1.580000 1.152840
1.582000 1.146839
1.584000 1.123911
1.586000 1.126389
1.588000 1.120453
1.590000 1.123082
1.592000 1.126365
1.594000 1.122890
1.596000 1.136487
1.598000 1.145447
1.600000 1.139307
1.602000 1.136295
1.604000 1.147150
1.606000 1.154874
1.608000 1.159329
1.610000 1.173184
1.612000 1.175737
1.614000 1.179684
1.616000 1.177488
1.618000 1.165324
1.620000 1.144958
1.622000 1.141847
1.624000 1.153071
1.626000 1.162893
1.628000 1.165534
1.630000 1.167897
1.632000 1.161917
1.634000 1.157819
1.636000 1.162843
1.638000 1.166287
1.640000 1.169092
1.642000 1.174755
1.644000 1.192326
1.646000 1.199722
1.648000 1.208537
1.650000 1.207570
1.652000 1.201356
1.654000 1.203025
1.656000 1.208926
1.658000 1.206171
1.660000 1.209103
1.662000 1.207802
1.664000 1.206158
1.666000 1.196216
1.668000 1.206894
1.670000 1.221523
1.672000 1.228461
1.674000 1.241500
1.676000 1.224210
1.678000 1.214798
1.680000 1.221791
1.682000 1.243229
1.684000 1.259384
1.686000 1.281952
1.688000 1.268797
1.690000 1.272217
1.692000 1.283924
1.694000 1.289557
1.696000 1.279282
1.698000 1.258176
1.700000 1.252453
1.702000 1.254320
1.704000 1.249658
1.706000 1.255890
1.708000 1.260469
1.710000 1.267427
1.712000 1.282171
1.714000 1.272528
1.716000 1.278137
1.718000 1.312767
1.720000 1.317430
1.722000 1.317073
1.724000 1.305618
1.726000 1.319309
1.728000 1.328066
1.730000 1.334417
1.732000 1.327552
1.734000 1.317133
1.736000 1.300270
1.738000 1.299937
1.740000 1.296133
1.742000 1.288886
1.744000 1.299279
1.746000 1.306814
1.748000 1.327195
1.750000 1.323872
1.752000 1.327036
1.754000 1.334900
1.756000 1.338259
1.758000 1.339613
1.760000 1.351768
1.762000 1.359948
1.764000 1.346659
1.766000 1.361042
1.768000 1.371429
1.770000 1.370114
1.772000 1.362197
1.774000 1.355159
1.776000 1.346689
1.778000 1.354197
1.780000 1.367275
1.782000 1.364927
1.784000 1.366505
1.786000 1.367112
1.788000 1.389216
1.790000 1.395202
1.792000 1.378557
1.794000 1.390016
1.796000 1.406744
1.798000 1.410316
1.800000 1.414654
1.802000 1.390707
1.804000 1.400090
1.806000 1.398220
1.808000 1.386136
1.810000 1.381630
1.812000 1.392846
1.814000 1.399326
1.816000 1.393028
1.818000 1.406772
1.820000 1.409991
1.822000 1.406738
1.824000 1.408391
1.826000 1.397768
1.828000 1.435448
1.830000 1.442988
1.832000 1.437592
1.834000 1.428260
1.836000 1.439200
1.838000 1.441117
1.840000 1.421681
1.842000 1.438979
1.844000 1.440183
1.846000 1.445895
1.848000 1.440878
1.850000 1.448258
1.852000 1.463615
1.854000 1.465930
1.856000 1.472638
1.858000 1.478714
1.860000 1.466664
1.862000 1.473826
1.864000 1.457542
1.866000 1.432719
1.868000 1.440620
1.870000 1.455503
1.872000 1.468179
1.874000 1.474411
1.876000 1.497503
1.878000 1.499434
1.880000 1.495564
1.882000 1.492767
1.884000 1.493976
1.886000 1.495411
1.888000 1.479739
1.890000 1.480057
1.892000 1.491221
1.894000 1.489433
1.896000 1.507119
1.898000 1.509223
1.900000 1.508909
1.902000 1.511862
1.904000 1.506156
1.906000 1.516358
1.908000 1.516095
1.910000 1.521968
1.912000 1.513490
1.914000 1.536863
1.916000 1.546871
1.918000 1.530083
1.920000 1.534268
1.922000 1.531847
1.924000 1.520259
1.926000 1.527817
1.928000 1.529099
1.930000 1.515340
1.932000 1.511848
1.934000 1.511633
1.936000 1.543071
1.938000 1.568851
1.940000 1.579926
1.942000 1.583391
1.944000 1.560339
1.946000 1.533017
1.948000 1.539993
1.950000 1.537668
1.952000 1.547487
1.954000 1.545032
1.956000 1.582785
1.958000 1.598860
1.960000 1.588565
1.962000 1.589393
1.964000 1.580428
1.966000 1.582107
1.968000 1.566708
1.970000 1.561902
1.972000 1.552261
1.974000 1.551146
1.976000 1.574341
1.978000 1.594230
1.980000 1.623609
1.982000 1.615251
1.984000 1.620660
1.986000 1.621158
1.988000 1.621041
1.990000 1.629004
1.992000 1.606579
1.994000 1.610779
1.996000 1.619157
1.998000 1.621248
