0.000000 -0.000130
0.002000 -0.011639
0.004000 -0.009985
0.006000 -0.013095
0.008000 -0.011554
0.010000 -0.008037
0.012000 -0.005264
0.014000 -0.000793
0.016000 -0.002343
0.018000 0.000638
0.020000 -0.001622
0.022000 -0.001276
0.024000 0.003713
0.026000 0.006754
0.028000 0.009276
0.030000 0.014584
0.032000 0.017309
0.034000 0.018637
0.036000 0.019832
0.038000 0.023729
0.040000 0.026041
0.042000 0.026608
0.044000 0.027146
0.046000 0.027861
0.048000 0.028432
0.050000 0.029093
0.052000 0.029823
0.054000 0.030594
0.056000 0.031405
0.058000 0.035239
0.060000 0.038360
0.062000 0.041915
0.064000 0.047186
0.066000 0.049111
0.068000 0.049148
0.070000 0.049821
0.072000 0.048404
0.074000 0.047400
0.076000 0.047790
0.078000 0.047276
0.080000 0.046937
0.082000 0.049009
0.084000 0.048704
0.086000 0.052777
0.088000 0.053625
0.090000 0.054571
0.092000 0.056788
0.094000 0.056594
0.096000 0.056480
0.098000 0.057321
0.100000 0.060818
0.102000 0.062970
0.104000 0.061346
0.106000 0.060165
0.108000 0.059353
0.110000 0.061809
0.112000 0.061375
0.114000 0.060745
0.116000 0.060335
0.118000 0.061806
0.120000 0.062668
0.122000 0.062231
0.124000 0.061993
0.126000 0.063998
0.128000 0.067239
0.130000 0.066556
0.132000 0.065960
0.134000 0.065593
0.136000 0.065423
0.138000 0.068378
0.140000 0.067961
0.142000 0.071208
0.144000 0.072937
0.146000 0.073160
0.148000 0.073221
0.150000 0.073483
0.152000 0.077121
0.154000 0.075837
0.156000 0.074898
0.158000 0.074254
0.160000 0.073836
0.162000 0.073598
0.164000 0.073502
0.166000 0.073543
0.168000 0.073697
0.170000 0.073928
0.172000 0.074213
0.174000 0.074543
0.176000 0.076300
0.178000 0.077963
0.180000 0.077885
0.182000 0.078981
0.184000 0.081243
0.186000 0.085652
0.188000 0.088457
0.190000 0.087997
0.192000 0.092338
0.194000 0.093755
0.196000 0.094897
0.198000 0.096573
0.200000 0.096520
0.202000 0.094157
0.204000 0.093542
0.206000 0.094038
0.208000 0.092433
0.210000 0.092685
0.212000 0.093415
0.214000 0.092199
0.216000 0.091314
0.218000 0.090696
0.220000 0.090295
0.222000 0.090058
0.224000 0.092818
0.226000 0.095058
0.228000 0.098641
0.230000 0.097260
0.232000 0.097447
0.234000 0.098378
0.236000 0.103383
0.238000 0.101520
0.240000 0.105405
0.242000 0.106951
0.244000 0.104683
0.246000 0.104274
0.248000 0.104697
0.250000 0.106135
0.252000 0.105399
0.254000 0.106988
0.256000 0.107075
0.258000 0.105593
0.260000 0.108310
0.262000 0.108985
0.264000 0.109045
0.266000 0.112935
0.268000 0.111568
0.270000 0.112811
0.272000 0.110619
0.274000 0.109278
0.276000 0.114193
0.278000 0.114586
0.280000 0.113670
0.282000 0.111627
0.284000 0.112191
0.286000 0.111209
0.288000 0.112468
0.290000 0.114960
0.292000 0.113455
0.294000 0.119884
0.296000 0.117687
0.298000 0.121604
0.300000 0.123880
0.302000 0.121518
0.304000 0.123867
0.306000 0.124175
0.308000 0.123837
0.310000 0.125000
0.312000 0.126867
0.314000 0.125194
0.316000 0.125124
0.318000 0.123931
0.320000 0.121788
0.322000 0.119425
0.324000 0.119488
0.326000 0.118387
0.328000 0.117033
0.330000 0.124732
0.332000 0.122917
0.334000 0.122673
0.336000 0.121085
0.338000 0.122366
0.340000 0.123813
0.342000 0.122476
0.344000 0.128606
0.346000 0.130267
0.348000 0.128267
0.350000 0.125424
0.352000 0.123035
0.354000 0.123360
0.356000 0.127876
0.358000 0.129793
0.360000 0.129058
0.362000 0.127462
0.364000 0.130842
0.366000 0.134408
0.368000 0.132790
0.370000 0.130606
0.372000 0.127798
0.374000 0.128197
0.376000 0.130367
0.378000 0.134007
0.380000 0.131308
0.382000 0.131921
0.384000 0.130935
0.386000 0.131739
0.388000 0.131186
0.390000 0.130847
0.392000 0.131991
0.394000 0.136776
0.396000 0.138398
0.398000 0.138147
0.400000 0.134608
0.402000 0.131810
0.404000 0.129639
0.406000 0.129119
0.408000 0.129860
0.410000 0.133521
0.412000 0.131982
0.414000 0.130061
0.416000 0.133059
0.418000 0.139201
0.420000 0.144472
0.422000 0.143199
0.424000 0.139392
0.426000 0.136348
0.428000 0.133925
0.430000 0.132037
0.432000 0.130565
0.434000 0.132203
0.436000 0.131275
0.438000 0.135660
0.440000 0.133683
0.442000 0.132113
0.444000 0.130881
0.446000 0.129904
0.448000 0.132252
0.450000 0.131198
0.452000 0.131720
0.454000 0.135384
0.456000 0.137040
0.458000 0.137717
0.460000 0.138557
0.462000 0.142713
0.464000 0.142995
0.466000 0.142320
0.468000 0.144056
0.470000 0.143211
0.472000 0.144170
0.474000 0.146873
0.476000 0.146239
0.478000 0.148088
0.480000 0.144652
0.482000 0.142109
0.484000 0.142478
0.486000 0.145223
0.488000 0.146876
0.490000 0.152865
0.492000 0.157943
0.494000 0.160457
0.496000 0.155387
0.498000 0.157020
0.500000 0.156616
0.502000 0.153259
0.504000 0.153274
0.506000 0.156605
0.508000 0.153196
0.510000 0.152426
0.512000 0.150403
0.514000 0.151985
0.516000 0.147293
0.518000 0.146763
0.520000 0.147837
0.522000 0.145542
0.524000 0.141857
0.526000 0.138920
0.528000 0.136866
0.530000 0.140958
0.532000 0.144758
0.534000 0.144476
0.536000 0.147409
0.538000 0.149329
0.540000 0.152721
0.542000 0.149133
0.544000 0.150088
0.546000 0.148698
0.548000 0.143876
0.550000 0.140204
0.552000 0.140032
0.554000 0.136789
0.556000 0.134157
0.558000 0.134400
0.560000 0.132696
0.562000 0.133988
0.564000 0.134962
0.566000 0.132429
0.568000 0.130352
0.570000 0.128644
0.572000 0.127236
0.574000 0.126070
0.576000 0.125099
0.578000 0.126747
0.580000 0.134504
0.582000 0.135846
0.584000 0.132821
0.586000 0.130384
0.588000 0.128796
0.590000 0.132959
0.592000 0.133231
0.594000 0.130723
0.596000 0.137195
0.598000 0.134714
0.600000 0.134692
0.602000 0.134988
0.604000 0.135493
0.606000 0.132688
0.608000 0.134828
0.610000 0.136805
0.612000 0.134903
0.614000 0.136183
0.616000 0.133634
0.618000 0.135361
0.620000 0.136476
0.622000 0.139108
0.624000 0.139718
0.626000 0.138463
0.628000 0.134514
0.630000 0.131321
0.632000 0.129269
0.634000 0.129395
0.636000 0.127948
0.638000 0.128406
0.640000 0.128455
0.642000 0.134224
0.644000 0.133121
0.646000 0.133271
0.648000 0.137397
0.650000 0.133468
0.652000 0.132733
0.654000 0.130970
0.656000 0.132998
0.658000 0.133274
0.660000 0.134201
0.662000 0.133305
0.664000 0.130131
0.666000 0.130430
0.668000 0.130968
0.670000 0.134659
0.672000 0.135705
0.674000 0.134247
0.676000 0.133353
0.678000 0.131874
0.680000 0.129569
0.682000 0.126811
0.684000 0.124588
0.686000 0.123844
0.688000 0.129672
0.690000 0.130995
0.692000 0.128004
0.694000 0.125584
0.696000 0.126704
0.698000 0.124704
0.700000 0.122815
0.702000 0.121275
0.704000 0.120018
0.706000 0.118955
0.708000 0.118025
0.710000 0.120314
0.712000 0.118995
0.714000 0.122774
0.716000 0.125803
0.718000 0.125605
0.720000 0.123600
0.722000 0.120936
0.724000 0.118707
0.726000 0.116813
0.728000 0.117274
0.730000 0.116305
0.732000 0.119176
0.734000 0.118639
0.736000 0.119308
0.738000 0.119810
0.740000 0.118764
0.742000 0.116697
0.744000 0.122980
0.746000 0.127498
0.748000 0.129319
0.750000 0.128578
0.752000 0.123353
0.754000 0.122236
0.756000 0.119713
0.758000 0.118783
0.760000 0.118593
0.762000 0.120029
0.764000 0.116724
0.766000 0.117286
0.768000 0.115082
0.770000 0.115541
0.772000 0.114160
0.774000 0.113903
0.776000 0.115729
0.778000 0.112948
0.780000 0.109623
0.782000 0.107499
0.784000 0.106760
0.786000 0.104400
0.788000 0.102466
0.790000 0.102806
0.792000 0.108325
0.794000 0.109880
0.796000 0.106741
0.798000 0.110781
0.800000 0.115327
0.802000 0.113018
0.804000 0.114564
0.806000 0.111511
0.808000 0.111579
0.810000 0.109142
0.812000 0.105695
0.814000 0.103889
0.816000 0.104453
0.818000 0.103868
0.820000 0.101733
0.822000 0.099101
0.824000 0.096931
0.826000 0.095144
0.828000 0.094514
0.830000 0.096911
0.832000 0.098914
0.834000 0.097645
0.836000 0.096423
0.838000 0.096771
0.840000 0.094888
0.842000 0.095591
0.844000 0.095033
0.846000 0.093430
0.848000 0.092034
0.850000 0.096161
0.852000 0.097901
0.854000 0.096410
0.856000 0.094217
0.858000 0.094353
0.860000 0.094394
0.862000 0.095186
0.864000 0.094339
0.866000 0.092708
0.868000 0.092238
0.870000 0.093492
0.872000 0.093763
0.874000 0.097504
0.876000 0.096677
0.878000 0.096514
0.880000 0.097458
0.882000 0.094930
0.884000 0.092824
0.886000 0.094207
0.888000 0.094437
0.890000 0.095439
0.892000 0.095208
0.894000 0.093230
0.896000 0.092484
0.898000 0.092319
0.900000 0.091556
0.902000 0.096516
0.904000 0.096416
0.906000 0.094536
0.908000 0.101215
0.910000 0.109607
0.912000 0.107559
0.914000 0.108828
0.916000 0.110944
0.918000 0.113550
0.920000 0.114584
0.922000 0.115014
0.924000 0.119517
0.926000 0.113863
0.928000 0.110019
0.930000 0.110969
0.932000 0.108072
0.934000 0.105746
0.936000 0.101671
0.938000 0.098327
0.940000 0.095318
0.942000 0.092202
0.944000 0.089582
0.946000 0.087369
0.948000 0.085484
0.950000 0.083873
0.952000 0.084938
0.954000 0.083698
0.956000 0.082809
0.958000 0.084962
0.960000 0.085967
0.962000 0.087487
0.964000 0.088029
0.966000 0.089145
0.968000 0.090647
0.970000 0.094153
0.972000 0.095618
0.974000 0.092320
0.976000 0.091470
0.978000 0.092088
0.980000 0.092263
0.982000 0.096141
0.984000 0.095476
0.986000 0.095817
0.988000 0.093074
0.990000 0.091939
0.992000 0.097200
0.994000 0.101781
0.996000 0.102022
0.998000 0.107322
1.000000 0.110317
1.002000 0.112437
1.004000 0.108803
1.006000 0.107057
1.008000 0.104906
1.010000 0.106183
1.012000 0.104148
1.014000 0.106858
1.016000 0.112605
1.018000 0.114389
1.020000 0.114004
1.022000 0.115736
1.024000 0.120235
1.026000 0.124575
1.028000 0.120148
1.030000 0.114891
1.032000 0.116184
1.034000 0.113904
1.036000 0.115299
1.038000 0.112302
1.040000 0.107391
1.042000 0.101689
1.044000 0.104311
1.046000 0.104968
1.048000 0.105992
1.050000 0.105555
1.052000 0.103511
1.054000 0.102317
1.056000 0.100771
1.058000 0.098965
1.060000 0.094927
1.062000 0.099248
1.064000 0.099154
1.066000 0.104946
1.068000 0.104101
1.070000 0.100004
1.072000 0.096663
1.074000 0.099303
1.076000 0.095943
1.078000 0.094428
1.080000 0.095259
1.082000 0.103587
1.084000 0.102936
1.086000 0.098417
1.088000 0.095092
1.090000 0.092031
1.092000 0.089891
1.094000 0.090189
1.096000 0.092761
1.098000 0.098513
1.100000 0.108326
1.102000 0.111464
1.104000 0.108256
1.106000 0.110709
1.108000 0.109737
1.110000 0.106229
1.112000 0.102052
1.114000 0.098299
1.116000 0.096723
1.118000 0.098632
1.120000 0.100587
1.122000 0.098844
1.124000 0.099226
1.126000 0.105758
1.128000 0.105415
1.130000 0.103719
1.132000 0.102285
1.134000 0.105143
1.136000 0.104782
1.138000 0.105426
1.140000 0.100647
1.142000 0.100733
1.144000 0.103041
1.146000 0.099892
1.148000 0.101600
1.150000 0.099366
1.152000 0.095359
1.154000 0.092045
1.156000 0.087329
1.158000 0.083298
1.160000 0.079831
1.162000 0.082870
1.164000 0.089115
1.166000 0.100177
1.168000 0.097331
1.170000 0.096902
1.172000 0.093431
1.174000 0.095089
1.176000 0.098567
1.178000 0.098217
1.180000 0.097674
1.182000 0.096517
1.184000 0.090760
1.186000 0.089133
1.188000 0.090503
1.190000 0.086310
1.192000 0.087385
1.194000 0.094530
1.196000 0.100847
1.198000 0.105032
1.200000 0.102727
1.202000 0.094816
1.204000 0.089502
1.206000 0.085783
1.208000 0.081335
1.210000 0.083778
1.212000 0.080147
1.214000 0.079776
1.216000 0.083299
1.218000 0.081994
1.220000 0.077986
1.222000 0.079659
1.224000 0.079682
1.226000 0.092510
1.228000 0.092519
1.230000 0.097871
1.232000 0.104115
1.234000 0.112584
1.236000 0.115881
1.238000 0.111813
1.240000 0.103415
1.242000 0.103999
1.244000 0.108843
1.246000 0.110403
1.248000 0.109774
1.250000 0.111057
1.252000 0.113568
1.254000 0.109438
1.256000 0.109619
1.258000 0.108395
1.260000 0.107625
1.262000 0.104091
1.264000 0.103449
1.266000 0.106980
1.268000 0.114508
1.270000 0.116899
1.272000 0.112733
1.274000 0.104508
1.276000 0.103190
1.278000 0.104641
1.280000 0.107905
1.282000 0.108801
1.284000 0.106972
1.286000 0.106161
1.288000 0.101380
1.290000 0.098496
1.292000 0.095365
1.294000 0.089078
1.296000 0.089054
1.298000 0.089763
1.300000 0.088437
1.302000 0.089230
1.304000 0.091812
1.306000 0.092958
1.308000 0.095297
1.310000 0.097257
1.312000 0.093170
1.314000 0.095159
1.316000 0.100026
1.318000 0.098611
1.320000 0.099474
1.322000 0.095546
1.324000 0.095441
1.326000 0.103991
1.328000 0.106490
1.330000 0.108827
1.332000 0.113535
1.334000 0.114222
1.336000 0.110417
1.338000 0.117658
1.340000 0.121946
1.342000 0.119690
1.344000 0.125411
1.346000 0.130612
1.348000 0.125520
1.350000 0.123718
1.352000 0.120845
1.354000 0.119411
1.356000 0.120124
1.358000 0.120233
1.360000 0.118825
1.362000 0.113470
1.364000 0.117040
1.366000 0.112250
1.368000 0.112760
1.370000 0.115120
1.372000 0.119846
1.374000 0.116562
1.376000 0.123601
1.378000 0.123663
1.380000 0.119293
1.382000 0.122622
1.384000 0.124016
1.386000 0.124899
1.388000 0.125038
1.390000 0.126432
1.392000 0.137632
1.394000 0.143037
1.396000 0.136252
1.398000 0.133318
1.400000 0.133710
1.402000 0.126614
1.404000 0.123354
1.406000 0.121596
1.408000 0.126314
1.410000 0.131224
1.412000 0.134281
1.414000 0.127180
1.416000 0.120358
1.418000 0.121793
1.420000 0.120832
1.422000 0.123257
1.424000 0.122073
1.426000 0.126762
1.428000 0.132271
1.430000 0.140937
1.432000 0.144359
1.434000 0.144195
1.436000 0.138186
1.438000 0.140048
1.440000 0.140218
1.442000 0.137523
1.444000 0.145383
1.446000 0.143867
1.448000 0.147723
1.450000 0.145378
1.452000 0.145827
1.454000 0.144976
1.456000 0.141576
1.458000 0.136226
1.460000 0.132668
1.462000 0.132803
1.464000 0.135678
1.466000 0.132739
1.468000 0.134838
1.470000 0.140761
1.472000 0.147081
1.474000 0.151737
1.476000 0.157296
1.478000 0.157600
1.480000 0.151003
1.482000 0.147298
1.484000 0.146594
1.486000 0.146481
1.488000 0.152555
1.490000 0.152794
1.492000 0.160778
1.494000 0.160351
1.496000 0.163991
1.498000 0.171294
1.500000 0.167538
1.502000 0.171388
1.504000 0.171144
1.506000 0.177330
1.508000 0.189087
1.510000 0.190505
1.512000 0.189462
1.514000 0.189362
1.516000 0.186911
1.518000 0.187178
1.520000 0.195475
1.522000 0.197943
1.524000 0.201182
1.526000 0.206001
1.528000 0.200417
1.530000 0.199566
1.532000 0.191757
1.534000 0.188912
1.536000 0.198698
1.538000 0.190018
1.540000 0.183010
1.542000 0.185023
1.544000 0.183391
1.546000 0.185730
1.548000 0.189868
1.550000 0.202459
1.552000 0.196624
1.554000 0.192772
1.556000 0.188206
1.558000 0.193133
1.560000 0.199914
1.562000 0.198563
1.564000 0.197614
1.566000 0.194360
1.568000 0.196388
1.570000 0.203760
1.572000 0.203410
1.574000 0.202663
1.576000 0.203769
1.578000 0.206673
1.580000 0.211100
1.582000 0.220946
1.584000 0.232025
1.586000 0.231642
1.588000 0.234110
1.590000 0.240436
1.592000 0.243579
1.594000 0.249360
1.596000 0.264558
1.598000 0.284687
1.600000 0.294905
1.602000 0.286718
1.604000 0.282336
1.606000 0.282075
1.608000 0.285017
1.610000 0.283715
1.612000 0.277593
1.614000 0.283943
1.616000 0.292026
1.618000 0.311921
1.620000 0.309622
1.622000 0.305707
1.624000 0.304828
1.626000 0.325764
1.628000 0.326592
1.630000 0.322132
1.632000 0.331812
1.634000 0.338625
1.636000 0.329283
1.638000 0.328905
1.640000 0.335085
1.642000 0.338589
1.644000 0.346029
1.646000 0.358578
1.648000 0.365045
1.650000 0.364339
1.652000 0.366538
1.654000 0.360100
1.656000 0.351668
1.658000 0.359010
1.660000 0.359980
1.662000 0.364628
1.664000 0.366225
1.666000 0.364666
1.668000 0.373222
1.670000 0.386285
1.672000 0.378179
1.674000 0.382645
1.676000 0.384118
1.678000 0.393605
1.680000 0.402881
1.682000 0.404986
1.684000 0.401807
1.686000 0.403631
1.688000 0.409763
1.690000 0.408370
1.692000 0.404148
1.694000 0.388452
1.696000 0.404568
1.698000 0.413888
1.700000 0.422252
1.702000 0.422281
1.704000 0.417672
1.706000 0.416826
1.708000 0.424763
1.710000 0.426163
1.712000 0.433179
1.714000 0.445059
1.716000 0.455232
1.718000 0.475112
1.720000 0.482151
1.722000 0.487632
1.724000 0.468064
1.726000 0.456708
1.728000 0.447769
1.730000 0.455116
1.732000 0.454213
1.734000 0.456560
1.736000 0.455922
1.738000 0.461814
1.740000 0.479695
1.742000 0.489141
1.744000 0.486513
1.746000 0.501256
1.748000 0.501398
1.750000 0.493580
1.752000 0.491074
1.754000 0.488156
1.756000 0.486572
1.758000 0.484642
1.760000 0.481270
1.762000 0.513113
1.764000 0.510575
1.766000 0.510204
1.768000 0.505808
1.770000 0.505650
1.772000 0.510623
1.774000 0.525339
1.776000 0.530620
1.778000 0.529609
1.780000 0.533359
1.782000 0.536773
1.784000 0.526165
1.786000 0.529531
1.788000 0.543324
1.790000 0.557208
1.792000 0.569076
1.794000 0.578460
1.796000 0.577507
1.798000 0.572166
1.800000 0.554760
1.802000 0.551353
1.804000 0.567952
1.806000 0.587998
1.808000 0.596236
1.810000 0.601514
1.812000 0.590381
1.814000 0.578182
1.816000 0.590590
1.818000 0.589966
1.820000 0.576393
1.822000 0.576229
1.824000 0.579474
1.826000 0.593934
1.828000 0.596633
1.830000 0.605264
1.832000 0.600021
1.834000 0.603597
1.836000 0.611163
1.838000 0.619529
1.840000 0.615373
1.842000 0.630445
1.844000 0.647363
1.846000 0.640098
1.848000 0.631284
1.850000 0.622966
1.852000 0.626120
1.854000 0.635919
1.856000 0.639145
1.858000 0.637319
1.860000 0.620003
1.862000 0.616794
1.864000 0.634096
1.866000 0.641452
1.868000 0.660095
1.870000 0.660571
1.872000 0.677540
1.874000 0.688952
1.876000 0.689305
1.878000 0.671873
1.880000 0.673480
1.882000 0.677451
1.884000 0.692466
1.886000 0.700112
1.888000 0.706561
1.890000 0.705683
1.892000 0.701389
1.894000 0.700269
1.896000 0.709909
1.898000 0.728366
1.900000 0.720485
1.902000 0.714288
1.904000 0.705871
1.906000 0.714378
1.908000 0.743523
1.910000 0.762743
1.912000 0.769152
1.914000 0.765961
1.916000 0.752431
1.918000 0.752113
1.920000 0.760510
1.922000 0.759979
1.924000 0.763900
1.926000 0.757580
1.928000 0.765874
1.930000 0.774469
1.932000 0.787897
1.934000 0.793508
1.936000 0.787631
1.938000 0.789088
1.940000 0.789009
1.942000 0.794615
1.944000 0.790692
1.946000 0.790651
1.948000 0.806831
1.950000 0.807713
1.952000 0.801421
1.954000 0.799543
1.956000 0.803505
1.958000 0.823637
1.960000 0.827252
1.962000 0.836694
1.964000 0.841535
1.966000 0.837597
1.968000 0.839633
1.970000 0.826059
1.972000 0.829401
1.974000 0.836601
1.976000 0.850124
1.978000 0.871917
1.980000 0.874688
1.982000 0.868139
1.984000 0.894126
1.986000 0.892758
1.988000 0.889414
1.990000 0.881123
1.992000 0.888136
1.994000 0.886353
1.996000 0.897001
1.998000 0.888898
