0.000000 -0.000055
0.002000 -0.003520
0.004000 -0.001358
0.006000 -0.000483
0.008000 0.000344
0.010000 0.000860
0.012000 0.003639
0.014000 0.004517
0.016000 0.008633
0.018000 0.010431
0.020000 0.011916
0.022000 0.013513
0.024000 0.015209
0.026000 0.015381
0.028000 0.016649
0.030000 0.018189
0.032000 0.020454
0.034000 0.023713
0.036000 0.025515
0.038000 0.027419
0.040000 0.028901
0.042000 0.030193
0.044000 0.031687
0.046000 0.033904
0.048000 0.035052
0.050000 0.037598
0.052000 0.039990
0.054000 0.041339
0.056000 0.042963
0.058000 0.043526
0.060000 0.044526
0.062000 0.046373
0.064000 0.047201
0.066000 0.048498
0.068000 0.051204
0.070000 0.053517
0.072000 0.054746
0.074000 0.056506
0.076000 0.059130
0.078000 0.061332
0.080000 0.064566
0.082000 0.066483
0.084000 0.066827
0.086000 0.067807
0.088000 0.067800
0.090000 0.069575
0.092000 0.071472
0.094000 0.073886
0.096000 0.073708
0.098000 0.074323
0.100000 0.076227
0.102000 0.077684
0.104000 0.078659
0.106000 0.078342
0.108000 0.081178
0.110000 0.082050
0.112000 0.083531
0.114000 0.083290
0.116000 0.082897
0.118000 0.083104
0.120000 0.083493
0.122000 0.084076
0.124000 0.084112
0.126000 0.083915
0.128000 0.083786
0.130000 0.084369
0.132000 0.085290
0.134000 0.086365
0.136000 0.087266
0.138000 0.088174
0.140000 0.088125
0.142000 0.088012
0.144000 0.088762
0.146000 0.089768
0.148000 0.091203
0.150000 0.091099
0.152000 0.091001
0.154000 0.091558
0.156000 0.092638
0.158000 0.092743
0.160000 0.092896
0.162000 0.092892
0.164000 0.093129
0.166000 0.093370
0.168000 0.093469
0.170000 0.094235
0.172000 0.095501
0.174000 0.097145
0.176000 0.099518
0.178000 0.099874
0.180000 0.101079
0.182000 0.101729
0.184000 0.102786
0.186000 0.104976
0.188000 0.108773
0.190000 0.111994
0.192000 0.112404
0.194000 0.111652
0.196000 0.113687
0.198000 0.114561
0.200000 0.114448
0.202000 0.117389
0.204000 0.117788
0.206000 0.116906
0.208000 0.116936
0.210000 0.117354
0.212000 0.117293
0.214000 0.117483
0.216000 0.118328
0.218000 0.118287
0.220000 0.117997
0.222000 0.118152
0.224000 0.117399
0.226000 0.117885
0.228000 0.120164
0.230000 0.121732
0.232000 0.121600
0.234000 0.120787
0.236000 0.121164
0.238000 0.120748
0.240000 0.121818
0.242000 0.123330
0.244000 0.124668
0.246000 0.125868
0.248000 0.126597
0.250000 0.128750
0.252000 0.127685
0.254000 0.126339
0.256000 0.126616
0.258000 0.127022
0.260000 0.127672
0.262000 0.126683
0.264000 0.127545
0.266000 0.129277
0.268000 0.129488
0.270000 0.130744
0.272000 0.130108
0.274000 0.129562
0.276000 0.130192
0.278000 0.131084
0.280000 0.130901
0.282000 0.133578
0.284000 0.133503
0.286000 0.134060
0.288000 0.133599
0.290000 0.133546
0.292000 0.131775
0.294000 0.131583
0.296000 0.131237
0.298000 0.130509
0.300000 0.129207
0.302000 0.128483
0.304000 0.127510
0.306000 0.126682
0.308000 0.128219
0.310000 0.128317
0.312000 0.128694
0.314000 0.129109
0.316000 0.131356
0.318000 0.131075
0.320000 0.130710
0.322000 0.130685
0.324000 0.134008
0.326000 0.132851
0.328000 0.131904
0.330000 0.131876
0.332000 0.132267
0.334000 0.132817
0.336000 0.133546
0.338000 0.133081
0.340000 0.133034
0.342000 0.133463
0.344000 0.131815
0.346000 0.131772
0.348000 0.130533
0.350000 0.130629
0.352000 0.128620
0.354000 0.126939
0.356000 0.127045
0.358000 0.127784
0.360000 0.126515
0.362000 0.126261
0.364000 0.125339
0.366000 0.126549
0.368000 0.127030
0.370000 0.126887
0.372000 0.125674
0.374000 0.125159
0.376000 0.124566
0.378000 0.124160
0.380000 0.126440
0.382000 0.127197
0.384000 0.125338
0.386000 0.124856
0.388000 0.124178
0.390000 0.124855
0.392000 0.124250
0.394000 0.125714
0.396000 0.125375
0.398000 0.124875
0.400000 0.123135
0.402000 0.122841
0.404000 0.122077
0.406000 0.120981
0.408000 0.119481
0.410000 0.121393
0.412000 0.120443
0.414000 0.118600
0.416000 0.116894
0.418000 0.116369
0.420000 0.117606
0.422000 0.118594
0.424000 0.118918
0.426000 0.118154
0.428000 0.116768
0.430000 0.116184
0.432000 0.115452
0.434000 0.114639
0.436000 0.113569
0.438000 0.113579
0.440000 0.113133
0.442000 0.114065
0.444000 0.115053
0.446000 0.114174
0.448000 0.114407
0.450000 0.115309
0.452000 0.115894
0.454000 0.114886
0.456000 0.115040
0.458000 0.113861
0.460000 0.114749
0.462000 0.114454
0.464000 0.115253
0.466000 0.115870
0.468000 0.114662
0.470000 0.114992
0.472000 0.114600
0.474000 0.114561
0.476000 0.115759
0.478000 0.113963
0.480000 0.113522
0.482000 0.113556
0.484000 0.113954
0.486000 0.112677
0.488000 0.111487
0.490000 0.111539
0.492000 0.111418
0.494000 0.112922
0.496000 0.113239
0.498000 0.112927
0.500000 0.112014
0.502000 0.110610
0.504000 0.110278
0.506000 0.110543
0.508000 0.109758
0.510000 0.107560
0.512000 0.107337
0.514000 0.106056
0.516000 0.105894
0.518000 0.106050
0.520000 0.104596
0.522000 0.104207
0.524000 0.103520
0.526000 0.103709
0.528000 0.104987
0.530000 0.105201
0.532000 0.106612
0.534000 0.105684
0.536000 0.104870
0.538000 0.105355
0.540000 0.104787
0.542000 0.107121
0.544000 0.107456
0.546000 0.106508
0.548000 0.106718
0.550000 0.106862
0.552000 0.110102
0.554000 0.110115
0.556000 0.109154
0.558000 0.111599
0.560000 0.111046
0.562000 0.110862
0.564000 0.111557
0.566000 0.110480
0.568000 0.111545
0.570000 0.114225
0.572000 0.116442
0.574000 0.118843
0.576000 0.120147
0.578000 0.119689
0.580000 0.120174
0.582000 0.120269
0.584000 0.122552
0.586000 0.123086
0.588000 0.124562
0.590000 0.125386
0.592000 0.130400
0.594000 0.133758
0.596000 0.135331
0.598000 0.138433
0.600000 0.139645
0.602000 0.141024
0.604000 0.147117
0.606000 0.152728
0.608000 0.155531
0.610000 0.158213
0.612000 0.164855
0.614000 0.169407
0.616000 0.176916
0.618000 0.179015
0.620000 0.180885
0.622000 0.180505
0.624000 0.180913
0.626000 0.181639
0.628000 0.184829
0.630000 0.187041
0.632000 0.189905
0.634000 0.190006
0.636000 0.193681
0.638000 0.196414
0.640000 0.201617
0.642000 0.201954
0.644000 0.205047
0.646000 0.207532
0.648000 0.208656
0.650000 0.215833
0.652000 0.220072
0.654000 0.224234
0.656000 0.228441
0.658000 0.227716
0.660000 0.229555
0.662000 0.231231
0.664000 0.234299
0.666000 0.234464
0.668000 0.231291
0.670000 0.233594
0.672000 0.235572
0.674000 0.232842
0.676000 0.231561
0.678000 0.233343
0.680000 0.234364
0.682000 0.233026
0.684000 0.236009
0.686000 0.237542
0.688000 0.237982
0.690000 0.237657
0.692000 0.242060
0.694000 0.243173
0.696000 0.243457
0.698000 0.239848
0.700000 0.239835
0.702000 0.241196
0.704000 0.240450
0.706000 0.237820
0.708000 0.237508
0.710000 0.242328
0.712000 0.245191
0.714000 0.241698
0.716000 0.242711
0.718000 0.241219
0.720000 0.239798
0.722000 0.242199
0.724000 0.243305
0.726000 0.242619
0.728000 0.243608
0.730000 0.247458
0.732000 0.249045
0.734000 0.249992
0.736000 0.250935
0.738000 0.251793
0.740000 0.253253
0.742000 0.256993
0.744000 0.258658
0.746000 0.260171
0.748000 0.260547
0.750000 0.262899
0.752000 0.261136
0.754000 0.260394
0.756000 0.264593
0.758000 0.265470
0.760000 0.265211
0.762000 0.263189
0.764000 0.262760
0.766000 0.263231
0.768000 0.264436
0.770000 0.262509
0.772000 0.266164
0.774000 0.268886
0.776000 0.266436
0.778000 0.268115
0.780000 0.272469
0.782000 0.274221
0.784000 0.274704
0.786000 0.275140
0.788000 0.276005
0.790000 0.275517
0.792000 0.272746
0.794000 0.270815
0.796000 0.265437
0.798000 0.266518
0.800000 0.268893
0.802000 0.268804
0.804000 0.270819
0.806000 0.270635
0.808000 0.271996
0.810000 0.272072
0.812000 0.273223
0.814000 0.274072
0.816000 0.273488
0.818000 0.277620
0.820000 0.276762
0.822000 0.278881
0.824000 0.278367
0.826000 0.279495
0.828000 0.280183
0.830000 0.283490
0.832000 0.282786
0.834000 0.281100
0.836000 0.280402
0.838000 0.281296
0.840000 0.283021
0.842000 0.285020
0.844000 0.285276
0.846000 0.284366
0.848000 0.285594
0.850000 0.285868
0.852000 0.289739
0.854000 0.289864
0.856000 0.292202
0.858000 0.294282
0.860000 0.294645
0.862000 0.293255
0.864000 0.293624
0.866000 0.293222
0.868000 0.295617
0.870000 0.297449
0.872000 0.299475
0.874000 0.300856
0.876000 0.302145
0.878000 0.304802
0.880000 0.302581
0.882000 0.300771
0.884000 0.299745
0.886000 0.299125
0.888000 0.297277
0.890000 0.296748
0.892000 0.300182
0.894000 0.300671
0.896000 0.301775
0.898000 0.300443
0.900000 0.301155
0.902000 0.305511
0.904000 0.309262
0.906000 0.311768
0.908000 0.309618
0.910000 0.314359
0.912000 0.313923
0.914000 0.312051
0.916000 0.310897
0.918000 0.317150
0.920000 0.315519
0.922000 0.313172
0.924000 0.309540
0.926000 0.310406
0.928000 0.309521
0.930000 0.310021
0.932000 0.314325
0.934000 0.323477
0.936000 0.322646
0.938000 0.322450
0.940000 0.323440
0.942000 0.320892
0.944000 0.323028
0.946000 0.329289
0.948000 0.331190
0.950000 0.333255
0.952000 0.337583
0.954000 0.336724
0.956000 0.334007
0.958000 0.333911
0.960000 0.333922
0.962000 0.334175
0.964000 0.336047
0.966000 0.333054
0.968000 0.334166
0.970000 0.332120
0.972000 0.337978
0.974000 0.343472
0.976000 0.344100
0.978000 0.344380
0.980000 0.344113
0.982000 0.346042
0.984000 0.348464
0.986000 0.350288
0.988000 0.358600
0.990000 0.363804
0.992000 0.375633
0.994000 0.384138
0.996000 0.390328
0.998000 0.395910
1.000000 0.405100
1.002000 0.420344
1.004000 0.435386
1.006000 0.444510
1.008000 0.455930
1.010000 0.475718
1.012000 0.492091
1.014000 0.509527
1.016000 0.519836
1.018000 0.545965
1.020000 0.555071
1.022000 0.571469
1.024000 0.591404
1.026000 0.615705
1.028000 0.642797
1.030000 0.660582
1.032000 0.688476
1.034000 0.715316
1.036000 0.737126
1.038000 0.764441
1.040000 0.784806
1.042000 0.800215
1.044000 0.821436
1.046000 0.844185
1.048000 0.866684
1.050000 0.878624
1.052000 0.883807
1.054000 0.890356
1.056000 0.896202
1.058000 0.900264
1.060000 0.906084
1.062000 0.906772
1.064000 0.904885
1.066000 0.900374
1.068000 0.895533
1.070000 0.892717
1.072000 0.886665
1.074000 0.876728
1.076000 0.866899
1.078000 0.863695
1.080000 0.855377
1.082000 0.855033
1.084000 0.854481
1.086000 0.846312
1.088000 0.837184
1.090000 0.834737
1.092000 0.833576
1.094000 0.822235
1.096000 0.816777
1.098000 0.813812
1.100000 0.814573
1.102000 0.812280
1.104000 0.805631
1.106000 0.803703
1.108000 0.802596
1.110000 0.797019
1.112000 0.797516
1.114000 0.803447
1.116000 0.803153
1.118000 0.804789
1.120000 0.811913
1.122000 0.816919
1.124000 0.826959
1.126000 0.831563
1.128000 0.835021
1.130000 0.836333
1.132000 0.847978
1.134000 0.857432
1.136000 0.862234
1.138000 0.873531
1.140000 0.878198
1.142000 0.885001
1.144000 0.884829
1.146000 0.899473
1.148000 0.907604
1.150000 0.910582
1.152000 0.919325
1.154000 0.924109
1.156000 0.928066
1.158000 0.937343
1.160000 0.936043
1.162000 0.940955
1.164000 0.947562
1.166000 0.956365
1.168000 0.951880
1.170000 0.956541
1.172000 0.963523
1.174000 0.967962
1.176000 0.964622
1.178000 0.961426
1.180000 0.963435
1.182000 0.962567
1.184000 0.969297
1.186000 0.971281
1.188000 0.972108
1.190000 0.968554
1.192000 0.973211
1.194000 0.976589
1.196000 0.976819
1.198000 0.984178
1.200000 0.986574
1.202000 0.986454
1.204000 0.977444
1.206000 0.969242
1.208000 0.969804
1.210000 0.974418
1.212000 0.978232
1.214000 0.978294
1.216000 0.974470
1.218000 0.977990
1.220000 0.981981
1.222000 0.985466
1.224000 0.985098
1.226000 0.987262
1.228000 0.993399
1.230000 0.998360
1.232000 1.010146
1.234000 1.015208
1.236000 1.023581
1.238000 1.026590
1.240000 1.030353
1.242000 1.034650
1.244000 1.036626
1.246000 1.041722
1.248000 1.048120
1.250000 1.052614
1.252000 1.057842
1.254000 1.058854
1.256000 1.063884
1.258000 1.063083
1.260000 1.067599
1.262000 1.065129
1.264000 1.071876
1.266000 1.076467
1.268000 1.081013
1.270000 1.074057
1.272000 1.076052
1.274000 1.066109
1.276000 1.060043
1.278000 1.057110
1.280000 1.060945
1.282000 1.067139
1.284000 1.069248
1.286000 1.077257
1.288000 1.086715
1.290000 1.084475
1.292000 1.084254
1.294000 1.090611
1.296000 1.091226
1.298000 1.099484
1.300000 1.108239
1.302000 1.115469
1.304000 1.120331
1.306000 1.117808
1.308000 1.114377
1.310000 1.117028
1.312000 1.125425
1.314000 1.132714
1.316000 1.131391
1.318000 1.134205
1.320000 1.141749
1.322000 1.141013
1.324000 1.135300
1.326000 1.135017
1.328000 1.147051
1.330000 1.149849
1.332000 1.144028
1.334000 1.143618
1.336000 1.145778
1.338000 1.142778
1.340000 1.150393
1.342000 1.152111
1.344000 1.153058
1.346000 1.156238
1.348000 1.160199
1.350000 1.165713
1.352000 1.170349
1.354000 1.179944
1.356000 1.185533
1.358000 1.196684
1.360000 1.193909
1.362000 1.194065
1.364000 1.193878
1.366000 1.194228
1.368000 1.199880
1.370000 1.195029
1.372000 1.194305
1.374000 1.198430
1.376000 1.207345
1.378000 1.208461
1.380000 1.212773
1.382000 1.219583
1.384000 1.222960
1.386000 1.222093
1.388000 1.222914
1.390000 1.230180
1.392000 1.231250
1.394000 1.228776
1.396000 1.228473
1.398000 1.223994
1.400000 1.215035
1.402000 1.209804
1.404000 1.212296
1.406000 1.212418
1.408000 1.209620
1.410000 1.218529
1.412000 1.225200
1.414000 1.234118
1.416000 1.236054
1.418000 1.242158
1.420000 1.240769
1.422000 1.241567
1.424000 1.240096
1.426000 1.240709
1.428000 1.248119
1.430000 1.261627
1.432000 1.270938
1.434000 1.284329
1.436000 1.287657
1.438000 1.297555
1.440000 1.300607
1.442000 1.315485
1.444000 1.313415
1.446000 1.310419
1.448000 1.317460
1.450000 1.322262
1.452000 1.324402
1.454000 1.325702
1.456000 1.325588
1.458000 1.319131
1.460000 1.314459
1.462000 1.308758
1.464000 1.306416
1.466000 1.302896
1.468000 1.300711
1.470000 1.294011
1.472000 1.299572
1.474000 1.303210
1.476000 1.299218
1.478000 1.306628
1.480000 1.313649
1.482000 1.317088
1.484000 1.326779
1.486000 1.331783
1.488000 1.335546
1.490000 1.340236
1.492000 1.334510
1.494000 1.336550
1.496000 1.338604
1.498000 1.338215
1.500000 1.336451
1.502000 1.342945
1.504000 1.354789
1.506000 1.359172
1.508000 1.353483
1.510000 1.355885
1.512000 1.359405
1.514000 1.357161
1.516000 1.362185
1.518000 1.359264
1.520000 1.362734
1.522000 1.372431
1.524000 1.375159
1.526000 1.386447
1.528000 1.392905
1.530000 1.392915
1.532000 1.394983
1.534000 1.398101
1.536000 1.400108
1.538000 1.397758
1.540000 1.398844
1.542000 1.394104
1.544000 1.389810
1.546000 1.397972
1.548000 1.395597
1.550000 1.392364
1.552000 1.393091
1.554000 1.391504
1.556000 1.387004
1.558000 1.397118
1.560000 1.401449
1.562000 1.401419
1.564000 1.399449
1.566000 1.398819
1.568000 1.403124
1.570000 1.406289
1.572000 1.416061
1.574000 1.423248
1.576000 1.429506
1.578000 1.445701
1.580000 1.448469
1.582000 1.449113
1.584000 1.456142
1.586000 1.464719
1.588000 1.465592
1.590000 1.465828
1.592000 1.462981
1.594000 1.467656
1.596000 1.468020
1.598000 1.461430
1.600000 1.454587
1.602000 1.453630
1.604000 1.455223
1.606000 1.445025
1.608000 1.440961
1.610000 1.448508
1.612000 1.449370
1.614000 1.450674
1.616000 1.458585
1.618000 1.469393
1.620000 1.476417
1.622000 1.478099
1.624000 1.483305
1.626000 1.489379
1.628000 1.496224
1.630000 1.496050
1.632000 1.505240
1.634000 1.520586
1.636000 1.529641
1.638000 1.526954
1.640000 1.519068
1.642000 1.517534
1.644000 1.514929
1.646000 1.512094
1.648000 1.506277
1.650000 1.507987
1.652000 1.510695
1.654000 1.507926
1.656000 1.502593
1.658000 1.501133
1.660000 1.500645
1.662000 1.493052
1.664000 1.497826
1.666000 1.500564
1.668000 1.503217
1.670000 1.507009
1.672000 1.519875
1.674000 1.531346
1.676000 1.551466
1.678000 1.560062
1.680000 1.561121
1.682000 1.572876
1.684000 1.570594
1.686000 1.577076
1.688000 1.578669
1.690000 1.582694
1.692000 1.592829
1.694000 1.591219
1.696000 1.605444
1.698000 1.597907
1.700000 1.594546
1.702000 1.586141
1.704000 1.574739
1.706000 1.568871
1.708000 1.551357
1.710000 1.543891
1.712000 1.548772
1.714000 1.551762
1.716000 1.547813
1.718000 1.547040
1.720000 1.553638
1.722000 1.564639
1.724000 1.569117
1.726000 1.577850
1.728000 1.583155
1.730000 1.592458
1.732000 1.608046
1.734000 1.626987
1.736000 1.640719
1.738000 1.654112
1.740000 1.656844
1.742000 1.663060
1.744000 1.658958
1.746000 1.655247
1.748000 1.648913
1.750000 1.641964
1.752000 1.638044
1.754000 1.632737
1.756000 1.628377
1.758000 1.616935
1.760000 1.611129
1.762000 1.604767
1.764000 1.606385
1.766000 1.608660
1.768000 1.617339
1.770000 1.622428
1.772000 1.629336
1.774000 1.634247
1.776000 1.648147
1.778000 1.650247
1.780000 1.655917
1.782000 1.654628
1.784000 1.665374
1.786000 1.665715
1.788000 1.666259
1.790000 1.677110
1.792000 1.685247
1.794000 1.686545
1.796000 1.687610
1.798000 1.686427
1.800000 1.682069
1.802000 1.682497
1.804000 1.693469
1.806000 1.698946
1.808000 1.692457
1.810000 1.699237
1.812000 1.700122
1.814000 1.697121
1.816000 1.696752
1.818000 1.695802
1.820000 1.695684
1.822000 1.698171
1.824000 1.701076
1.826000 1.704911
1.828000 1.719245
1.830000 1.709758
1.832000 1.713515
1.834000 1.724101
1.836000 1.729537
1.838000 1.728808
1.840000 1.729940
1.842000 1.737646
1.844000 1.743730
1.846000 1.750660
1.848000 1.750189
1.850000 1.747533
1.852000 1.752504
1.854000 1.747293
1.856000 1.747993
1.858000 1.745008
1.860000 1.746171
1.862000 1.744765
1.864000 1.743299
1.866000 1.733511
1.868000 1.726201
1.870000 1.731754
1.872000 1.730902
1.874000 1.741148
1.876000 1.750646
1.878000 1.745840
1.880000 1.759904
1.882000 1.762913
1.884000 1.764117
1.886000 1.764744
1.888000 1.780135
1.890000 1.791387
1.892000 1.794708
1.894000 1.790925
1.896000 1.795891
1.898000 1.796705
1.900000 1.789885
1.902000 1.788854
1.904000 1.777128
1.906000 1.781224
1.908000 1.782834
1.910000 1.795424
1.912000 1.799049
1.914000 1.800093
1.916000 1.801235
1.918000 1.795504
1.920000 1.795490
1.922000 1.809014
1.924000 1.818261
1.926000 1.813806
1.928000 1.808949
1.930000 1.811910
1.932000 1.817614
1.934000 1.827751
1.936000 1.834150
1.938000 1.833096
1.940000 1.835326
1.942000 1.837400
1.944000 1.843655
1.946000 1.843760
1.948000 1.849416
1.950000 1.846874
1.952000 1.839746
1.954000 1.838440
1.956000 1.841852
1.958000 1.848272
1.960000 1.845571
1.962000 1.846283
1.964000 1.855962
1.966000 1.862816
1.968000 1.868944
1.970000 1.864366
1.972000 1.862735
1.974000 1.857583
1.976000 1.857653
1.978000 1.857876
1.980000 1.863868
1.982000 1.873239
1.984000 1.882099
1.986000 1.883416
1.988000 1.877529
1.990000 1.888706
1.992000 1.904560
1.994000 1.900182
1.996000 1.906704
1.998000 1.906077
