0.500000 0.999947 -3.999580 0.000001 0.000000
0.600000 0.999919 -3.999350 0.000001 0.000000
0.700000 0.999928 -3.999427 0.000001 0.000000
0.800000 0.999884 -3.999074 0.000001 0.000000
0.900000 0.999702 -3.997630 0.000002 0.000000
1.000000 0.999232 -3.993932 0.000004 0.000001
1.100000 0.998302 -3.986819 0.000008 0.000001
1.200000 0.997051 -3.977398 0.000014 0.000002
1.300000 0.994658 -3.959894 0.000027 0.000003
1.400000 0.991434 -3.936117 0.000041 0.000004
1.500000 0.985568 -3.896987 0.000079 0.000005
1.600000 0.979228 -3.852635 0.000109 0.000007
1.700000 0.968219 -3.786136 0.000186 0.000009
1.800000 0.957041 -3.719725 0.000269 0.000011
1.900000 0.939282 -3.627503 0.000465 0.000013
2.000000 0.920890 -3.523981 0.000585 0.000015
2.100000 0.869857 -3.326682 0.001940 0.000024
2.200000 0.771367 -3.072276 0.007099 0.000035
2.300000 0.599829 -2.745764 0.025568 0.000045
2.400000 0.575697 -2.568418 0.013840 0.000038
2.500000 0.241402 -2.258967 0.037719 0.000023
2.600000 0.147498 -2.059026 0.028526 0.000020
2.700000 0.014830 -1.951513 0.025437 0.000016
2.800000 0.045578 -1.817182 0.014065 0.000013
2.900000 0.039007 -1.733336 0.013593 0.000011
3.000000 0.027500 -1.657166 0.011339 0.000011
3.100000 0.006001 -1.573818 0.009344 0.000010
3.200000 0.003619 -1.495272 0.006719 0.000008
3.300000 0.014629 -1.426020 0.004179 0.000007
3.400000 0.001694 -1.372794 0.005276 0.000006
3.500000 0.005997 -1.315639 0.004306 0.000006
3.600000 0.005152 -1.257080 0.003959 0.000006
3.700000 0.007126 -1.220693 0.003433 0.000005
3.800000 0.007223 -1.197119 0.002907 0.000005
3.900000 0.008126 -1.152483 0.002901 0.000005
