0.500000 0.999941 -3.999532 0.000000 0.000000
0.600000 0.999955 -3.999641 0.000000 0.000000
0.700000 0.999933 -3.999463 0.000000 0.000000
0.800000 0.999913 -3.999301 0.000000 0.000000
0.900000 0.999663 -3.997348 0.000001 0.000000
1.000000 0.999253 -3.994171 0.000002 0.000000
1.100000 0.998428 -3.987797 0.000004 0.000000
1.200000 0.997136 -3.977903 0.000006 0.000000
1.300000 0.994810 -3.960401 0.000011 0.000001
1.400000 0.990903 -3.932393 0.000019 0.000001
1.500000 0.985840 -3.897489 0.000030 0.000001
1.600000 0.978419 -3.850352 0.000049 0.000001
1.700000 0.970650 -3.799309 0.000068 0.000002
1.800000 0.959352 -3.731375 0.000098 0.000002
1.900000 0.935519 -3.606978 0.000285 0.000003
2.000000 0.914734 -3.504818 0.000349 0.000004
2.100000 0.882746 -3.357052 0.000578 0.000004
2.200000 0.774569 -3.062445 0.002539 0.000006
2.300000 0.369964 -2.603014 0.022804 0.000007
2.400000 0.324365 -2.401532 0.019309 0.000006
2.500000 0.163141 -2.229823 0.035557 0.000005
2.600000 0.047565 -2.043158 0.010905 0.000004
2.700000 0.108717 -1.940093 0.009191 0.000004
2.800000 0.052878 -1.828239 0.006031 0.000003
2.900000 0.022556 -1.684478 0.004530 0.000002
3.000000 0.007146 -1.628486 0.004096 0.000002
3.100000 0.007630 -1.571321 0.003755 0.000002
3.200000 0.011430 -1.497204 0.002528 0.000002
3.300000 0.000250 -1.427144 0.002050 0.000001
3.400000 0.028907 -1.372646 0.002319 0.000001
3.500000 0.002335 -1.322475 0.001722 0.000001
3.600000 0.003178 -1.270242 0.001349 0.000001
3.700000 0.001243 -1.223176 0.001354 0.000001
3.800000 0.006882 -1.196763 0.001401 0.000001
3.900000 0.003671 -1.153290 0.001274 0.000001
