0.500000 0.999898 -3.999181 0.000000 0.000000
0.600000 0.999904 -3.999228 0.000000 0.000000
0.700000 0.999960 -3.999678 0.000000 0.000000
0.800000 0.999877 -3.999013 0.000000 0.000000
0.900000 0.999694 -3.997565 0.000000 0.000000
1.000000 0.999172 -3.993499 0.000001 0.000000
1.100000 0.998634 -3.989336 0.000002 0.000000
1.200000 0.996829 -3.975680 0.000004 0.000000
1.300000 0.994756 -3.960571 0.000006 0.000000
1.400000 0.991019 -3.933975 0.000012 0.000000
1.500000 0.987400 -3.907277 0.000015 0.000000
1.600000 0.978851 -3.853188 0.000031 0.000000
1.700000 0.971041 -3.801609 0.000040 0.000000
1.800000 0.959006 -3.729492 0.000065 0.000001
1.900000 0.937324 -3.619414 0.000115 0.000001
2.000000 0.913132 -3.495295 0.000226 0.000001
2.100000 0.873125 -3.333951 0.000271 0.000001
2.200000 0.797799 -3.097285 0.001270 0.000002
2.300000 0.562960 -2.750355 0.012212 0.000004
2.400000 0.092975 -2.373359 0.023781 0.000002
2.500000 0.191385 -2.277139 0.020214 0.000002
2.600000 0.015723 -2.066441 0.005022 0.000001
2.700000 0.028360 -1.938141 0.005152 0.000001
2.800000 0.046411 -1.827969 0.001691 0.000001
2.900000 0.033939 -1.720728 0.002390 0.000001
3.000000 0.035475 -1.640948 0.003290 0.000000
3.100000 0.017187 -1.556456 0.002053 0.000000
3.200000 0.019708 -1.494059 0.001902 0.000000
3.300000 0.027114 -1.425041 0.001087 0.000000
3.400000 0.016998 -1.364764 0.001149 0.000000
3.500000 0.002422 -1.327040 0.001305 0.000000
3.600000 0.000344 -1.269908 0.000766 0.000000
3.700000 0.003945 -1.236566 0.000930 0.000000
3.800000 0.008622 -1.185044 0.000811 0.000000
3.900000 0.008825 -1.139491 0.000701 0.000000
