0.500000 0.999956 -3.999646 0.000000 0.000000
0.600000 0.999956 -3.999644 0.000000 0.000000
0.700000 0.999960 -3.999677 0.000000 0.000000
0.800000 0.999892 -3.999149 0.000000 0.000000
0.900000 0.999632 -3.997095 0.000000 0.000000
1.000000 0.999120 -3.993109 0.000001 0.000000
1.100000 0.998475 -3.988092 0.000001 0.000000
1.200000 0.996828 -3.975778 0.000003 0.000000
1.300000 0.994664 -3.959662 0.000004 0.000000
1.400000 0.991542 -3.936781 0.000007 0.000000
1.500000 0.986906 -3.903358 0.000009 0.000000
1.600000 0.979559 -3.856100 0.000018 0.000000
1.700000 0.970629 -3.795900 0.000024 0.000000
1.800000 0.956284 -3.718154 0.000036 0.000000
1.900000 0.935006 -3.609568 0.000104 0.000000
2.000000 0.911562 -3.486052 0.000131 0.000001
2.100000 0.873020 -3.329445 0.000374 0.000001
2.200000 0.778160 -3.064638 0.000962 0.000001
2.300000 0.626023 -2.799677 0.008994 0.000002
2.400000 0.153438 -2.372365 0.010389 0.000001
2.500000 0.058280 -2.164373 0.005250 0.000001
2.600000 0.048997 -2.038215 0.001313 0.000000
2.700000 0.022546 -1.953131 0.002113 0.000001
2.800000 0.012119 -1.826406 0.001028 0.000000
2.900000 0.007277 -1.698507 0.000748 0.000000
3.000000 0.017676 -1.619545 0.000996 0.000000
3.100000 0.001643 -1.577073 0.001036 0.000000
3.200000 0.000772 -1.498319 0.001045 0.000000
3.300000 0.008151 -1.427403 0.000900 0.000000
3.400000 0.012704 -1.353155 0.000631 0.000000
3.500000 0.015546 -1.331796 0.000618 0.000000
3.600000 0.008348 -1.271349 0.000450 0.000000
3.700000 0.014087 -1.223500 0.000504 0.000000
3.800000 0.005896 -1.186822 0.000471 0.000000
3.900000 0.000649 -1.147660 0.000539 0.000000
